#K-Path     Band-1    Band-2    Band-3    Band-4      ...     Band-n
  0.0000  -19.5136   -7.6123   -3.0131   -3.0003    3.2821    4.0811    4.4436    5.3541    5.8128    7.4840    8.0955    8.3094    8.4068   10.4296   11.2293   11.4678
  0.0377  -19.5097   -7.6077   -3.0291   -3.0091    3.2873    4.0864    4.4490    5.3594    5.8181    7.4893    8.1002    8.3140    8.4230   10.4348   11.2346   11.4540
  0.0754  -19.4980   -7.5938   -3.0777   -3.0347    3.3031    4.1024    4.4652    5.3755    5.8341    7.5052    8.1142    8.3268    8.4721   10.4504   11.2507   11.4129
  0.1131  -19.4786   -7.5706   -3.1582   -3.0765    3.3294    4.1291    4.4922    5.4022    5.8608    7.5316    8.1374    8.3458    8.5547   10.4764   11.2775   11.3446
  0.1508  -19.4515   -7.5382   -3.2692   -3.1336    3.3662    4.1664    4.5299    5.4396    5.8981    7.5687    8.1695    8.3698    8.6700   10.5128   11.2499   11.3151
  0.1884  -19.4166   -7.4966   -3.4091   -3.2051    3.4136    4.2144    4.5785    5.4877    5.9461    7.6163    8.2096    8.3979    8.8167   10.5595   11.1296   11.3632
  0.2261  -19.3740   -7.4457   -3.5760   -3.2896    3.4715    4.2730    4.6378    5.5465    6.0047    7.6745    8.2559    8.4301    8.9934   10.6164   10.9849   11.4220
  0.2638  -19.3236   -7.3857   -3.7678   -3.3858    3.5399    4.3422    4.7080    5.6160    6.0740    7.7432    8.3043    8.4686    9.1983   10.6824   10.8180   11.4914
  0.3015  -19.2656   -7.3166   -3.9822   -3.4920    3.6188    4.4221    4.7889    5.6962    6.1540    7.8224    8.3479    8.5187    9.4298   10.6223   10.7654   11.5713
  0.3392  -19.1998   -7.2384   -4.2169   -3.6068    3.7082    4.5126    4.8806    5.7870    6.2446    7.9122    8.3795    8.5860    9.6861   10.4124   10.8520   11.6617
  0.3769  -19.1264   -7.1511   -4.4699   -3.7286    3.8082    4.6137    4.9831    5.8884    6.3458    8.0123    8.3969    8.6717    9.9656   10.1819   10.9503   11.7625
  0.4146  -19.0452   -7.0549   -4.7389   -3.8560    3.9187    4.7254    5.0964    6.0005    6.4577    8.1228    8.4020    8.7735    9.9334   10.2663   11.0590   11.8736
  0.4523  -18.9565   -6.9498   -5.0219   -3.9876    4.0397    4.8476    5.2205    6.1231    6.5803    8.2434    8.3968    8.8891    9.6687   10.5868   11.1780   11.9952
  0.4900  -18.8602   -6.8359   -5.3170   -4.1222    4.1711    4.9804    5.3554    6.2564    6.7134    8.3734    8.3830    9.0171    9.3900   10.9254   11.3072   12.1271
  0.5276  -18.7562   -6.7132   -5.6225   -4.2585    4.3131    5.1236    5.5011    6.4000    6.8570    8.3618    8.5107    9.1011    9.1570   11.2805   11.4465   12.2693
  0.5653  -18.6447   -6.5820   -5.9368   -4.3955    4.4655    5.2772    5.6575    6.5540    7.0110    8.3342    8.6287    8.8301    9.3081   11.5959   11.6506   12.4219
  0.6030  -18.5257   -6.4422   -6.2583   -4.5321    4.6284    5.4410    5.8248    6.7181    7.1753    8.3016    8.4472    8.8589    9.4704   11.7553   12.0343   12.5848
  0.6407  -18.3992   -6.5857   -6.2941   -4.6675    4.8017    5.6147    6.0028    6.8914    7.3496    8.1336    8.2651    9.0226    9.6436   11.9246   12.4300   12.7580
  0.6784  -18.2653   -6.9179   -6.1379   -4.8010    4.9854    5.7979    6.1915    7.0709    7.5329    7.8099    8.2267    9.2039    9.8276   12.1036   12.8365   12.9415
  0.7161  -18.1240   -7.2536   -5.9736   -4.9317    5.1795    5.9892    6.3911    7.2293    7.5118    7.7229    8.1896    9.3972   10.0224   12.2923   13.1353   13.2522
  0.7538  -17.9753   -7.5918   -5.8017   -5.0590    5.3839    6.1841    6.6013    7.0869    7.5257    7.9072    8.1670    9.6014   10.2278   12.4904   13.3393   13.6755
  0.7915  -17.8194   -7.9317   -5.6222   -5.1824    5.5985    6.3550    6.7980    6.8223    7.7265    8.0119    8.2338    9.8162   10.4438   12.6978   13.5536   14.1051
  0.8292  -17.6563   -8.2724   -5.4355   -5.3014    5.8234    6.2884    6.7409    7.0539    7.9507    8.0011    8.4265   10.0413   10.6704   12.9141   13.7780   14.5392
  0.8668  -17.4860   -8.6131   -5.4155   -5.2420    5.9779    6.0583    6.9336    7.2958    7.9643    8.1882    8.6566   10.2765   10.9075   13.1390   14.0124   14.9758
  0.9045  -17.3087   -8.9531   -5.5243   -5.0422    5.6320    6.3031    7.1704    7.5472    7.9244    8.4371    8.9030   10.5219   11.1551   13.3721   14.2569   15.4123
  0.9422  -17.1245   -9.2917   -5.6274   -4.8365    5.2797    6.5575    7.4244    7.7940    7.8996    8.6969    9.1620   10.7772   11.4131   13.6126   14.5111   15.8198
  0.9799  -16.9335   -9.6284   -5.7246   -4.6257    4.9268    6.8206    7.6911    7.8299    8.0988    8.9675    9.4324   11.0423   11.6814   13.8595   14.7747   15.8062
  1.0176  -16.7358   -9.9625   -5.8156   -4.4105    4.5764    7.0907    7.7986    7.9692    8.3808    9.2486    9.7138   11.3170   11.9600   14.1113   15.0466   15.6719
  1.0553  -16.5316  -10.2935   -5.9001   -4.1920    4.2307    7.3597    7.7777    8.2581    8.6763    9.5401   10.0061   11.6010   12.2488   14.3648   15.3093   15.4732
  1.0930  -16.3212  -10.6207   -5.9779   -3.9714    3.8917    7.5755    7.8218    8.5574    8.9831    9.8419   10.3090   11.8940   12.5478   14.6140   15.1499   15.6373
  1.1307  -16.1048  -10.9436   -6.0488   -3.7503    3.5619    7.6259    8.0439    8.8669    9.3010   10.1540   10.6224   12.1956   12.8567   14.8154   14.8408   15.9381
  1.1684  -15.8830  -11.2614   -6.1127   -3.5310    3.2439    7.6131    8.3421    9.1864    9.6297   10.4762   10.9463   12.5050   13.1752   14.4440   14.9771   15.6997
  1.2060  -15.6562  -11.5733   -6.1693   -3.3161    2.9408    7.5917    8.6616    9.5158    9.9692   10.8083   11.2806   12.8206   13.5022   14.0522   14.8566   15.6626
  1.2437  -15.4256  -11.8782   -6.2186   -3.1092    2.6568    7.5704    8.9942    9.8547   10.3194   11.1502   11.6251   13.1391   13.6349   13.8522   14.5364   15.3496
  1.2814  -15.1926  -12.1743   -6.2605   -2.9151    2.3968    7.5512    9.3376   10.2029   10.6804   11.5015   11.9796   13.2303   13.4452   14.1754   14.1933   14.8741
  1.3191  -14.9601  -12.4586   -6.2949   -2.7395    2.1670    7.5349    9.6908   10.5600   11.0521   11.8616   12.3429   12.8200   13.5803   13.9714   14.4072   14.5502
  1.3568  -14.7335  -12.7256   -6.3217   -2.5898    1.9749    7.5220   10.0532   10.9254   11.4344   12.2284   12.4025   12.7249   13.2763   13.9520   14.1871   14.7097
  1.3945  -14.5247  -12.9632   -6.3409   -2.4742    1.8289    7.5126   10.4239   11.2980   11.8258   12.0009   12.5844   12.9104   13.1066   13.5065   14.1849   14.6205
  1.4322  -14.3611  -13.1441   -6.3525   -2.4006    1.7370    7.5069   10.8005   11.6004   11.6739   12.2321   12.4697   13.0175   13.0708   13.5006   13.8167   14.3171
  1.4699  -14.2944  -13.2165   -6.3563   -2.3753    1.7057    7.5051   11.1172   11.2766   11.9761   12.1698   12.6412   12.6511   13.3263   13.4973   13.8855   13.9232
  1.4699  -14.2944  -13.2165   -6.3563   -2.3753    1.7057    7.5051   11.1172   11.2766   11.9761   12.1698   12.6412   12.6511   13.3263   13.4973   13.8855   13.9232
  1.4917  -14.2933  -13.2154   -6.3622   -2.3738    1.7053    7.5130   11.1188   11.2783   11.9763   12.1716   12.6429   12.6529   13.3271   13.4991   13.8871   13.9250
  1.5135  -14.2899  -13.2120   -6.3799   -2.3690    1.7043    7.5369   11.1233   11.2832   11.9768   12.1769   12.6482   12.6584   13.3295   13.5045   13.8920   13.9301
  1.5354  -14.2844  -13.2065   -6.4092   -2.3611    1.7025    7.5764   11.1310   11.2913   11.9777   12.1859   12.6571   12.6675   13.3334   13.5135   13.9002   13.9388
  1.5572  -14.2765  -13.1987   -6.4499   -2.3500    1.7000    7.6315   11.1416   11.3027   11.9785   12.1985   12.6694   12.6802   13.3389   13.5261   13.9117   13.9508
  1.5790  -14.2665  -13.1888   -6.5017   -2.3357    1.6967    7.7017   11.1553   11.3174   11.9793   12.2146   12.6853   12.6966   13.3458   13.5423   13.9264   13.9664
  1.6009  -14.2542  -13.1766   -6.5642   -2.3183    1.6926    7.7866   11.1721   11.3353   11.9795   12.2343   12.7048   12.7166   13.3541   13.5622   13.9443   13.9853
  1.6227  -14.2398  -13.1623   -6.6370   -2.2977    1.6874    7.8858   11.1918   11.3565   11.9789   12.2577   12.7278   12.7403   13.3637   13.5856   13.9655   14.0077
  1.6445  -14.2230  -13.1458   -6.7195   -2.2740    1.6812    7.9987   11.2145   11.3809   11.9768   12.2846   12.7543   12.7675   13.3744   13.6126   13.9899   14.0335
  1.6664  -14.2041  -13.1272   -6.8113   -2.2470    1.6739    8.1248   11.2402   11.4085   11.9728   12.3150   12.7844   12.7984   13.3864   13.6433   14.0174   14.0627
  1.6882  -14.1829  -13.1064   -6.9118   -2.2170    1.6653    8.2633   11.2688   11.4393   11.9660   12.3491   12.8181   12.8329   13.3995   13.6775   14.0482   14.0953
  1.7100  -14.1594  -13.0836   -7.0204   -2.1838    1.6552    8.4136   11.3004   11.4732   11.9559   12.3867   12.8553   12.8709   13.4138   13.7153   14.0820   14.1313
  1.7319  -14.1338  -13.0588   -7.1364   -2.1474    1.6435    8.5751   11.3348   11.5104   11.9416   12.4280   12.8960   12.9126   13.4294   13.7568   14.1190   14.1706
  1.7537  -14.1059  -13.0319   -7.2593   -2.1079    1.6301    8.7470   11.3720   11.5506   11.9223   12.4728   12.9404   12.9578   13.4465   13.8018   14.1590   14.2133
  1.7755  -14.0758  -13.0031   -7.3885   -2.0652    1.6147    8.9285   11.4120   11.5940   11.8973   12.5211   12.9882   13.0067   13.4655   13.8504   14.2020   14.2593
  1.7974  -14.0435  -12.9724   -7.5232   -2.0194    1.5972    9.1189   11.4548   11.6405   11.8659   12.5731   13.0396   13.0591   13.4868   13.9027   14.2479   14.3086
  1.8192  -14.0090  -12.9398   -7.6631   -1.9705    1.5774    9.3175   11.5002   11.6900   11.8277   12.6286   13.0946   13.1151   13.5110   13.9585   14.2967   14.3611
  1.8410  -13.9722  -12.9056   -7.8074   -1.9185    1.5550    9.5235   11.5482   11.7426   11.7826   12.6877   13.1531   13.1746   13.5386   14.0179   14.3483   14.4169
  1.8629  -13.9332  -12.8696   -7.9556   -1.8633    1.5298    9.7361   11.5988   11.7307   11.7982   12.7504   13.2151   13.2377   13.5701   14.0809   14.4025   14.4759
  1.8847  -13.8920  -12.8322   -8.1071   -1.8051    1.5017    9.9544   11.6518   11.6725   11.8567   12.8167   13.2806   13.3044   13.6061   14.1475   14.4593   14.5381
  1.9065  -13.8486  -12.7934   -8.2613   -1.7437    1.4703   10.1776   11.6086   11.7072   11.9182   12.8865   13.3496   13.3746   13.6469   14.2177   14.5184   14.6034
  1.9284  -13.8030  -12.7533   -8.4176   -1.6793    1.4354   10.4048   11.5401   11.7647   11.9826   12.9599   13.4222   13.4483   13.6927   14.2915   14.5797   14.6717
  1.9502  -13.7551  -12.7122   -8.5755   -1.6117    1.3969   10.6348   11.4680   11.8244   12.0501   13.0368   13.4982   13.5256   13.7439   14.3689   14.6430   14.7432
  1.9720  -13.7051  -12.6703   -8.7344   -1.5411    1.3545   10.8666   11.3935   11.8860   12.1205   13.1173   13.5776   13.6064   13.8003   14.4499   14.7081   14.8174
  1.9939  -13.6528  -12.6279   -8.8936   -1.4674    1.3080   11.0988   11.3180   11.9494   12.1941   13.2014   13.6605   13.6907   13.8620   14.5345   14.7746   14.8945
  2.0157  -13.5983  -12.5853   -9.0525   -1.3907    1.2572   11.2426   11.3298   12.0144   12.2712   13.2891   13.7467   13.7785   13.9288   14.6226   14.8420   14.9743
  2.0375  -13.5416  -12.5431   -9.2103   -1.3109    1.2018   11.1684   11.5573   12.0807   12.3524   13.3803   13.8363   13.8698   14.0006   14.7144   14.9102   15.0568
  2.0594  -13.4827  -12.5017   -9.3662   -1.2281    1.1419   11.0965   11.7786   12.1483   12.4387   13.4751   13.9293   13.9645   14.0772   14.8097   14.9785   15.1417
  2.0812  -13.4217  -12.4620   -9.5192   -1.1423    1.0772   11.0279   11.9894   12.2169   12.5320   13.5734   14.0254   14.0627   14.1584   14.9086   15.0465   15.2288
  2.1030  -13.3584  -12.4247   -9.6683   -1.0534    1.0076   10.9634   12.1829   12.2870   12.6359   13.6752   14.1247   14.1642   14.2439   15.0111   15.1136   15.3178
  2.1249  -13.2929  -12.3911   -9.8120   -0.9616    0.9330   10.9037   12.3381   12.3724   12.7543   13.7807   14.2270   14.2692   14.3334   15.1172   15.1793   15.4086
  2.1467  -13.2253  -12.3624   -9.9488   -0.8668    0.8535   10.8494   12.4177   12.5051   12.8883   13.8896   14.3322   14.3774   14.4265   15.2268   15.2431   15.4995
  2.1685  -13.1554  -12.3405  -10.0768   -0.7690    0.7690   10.8009   12.4863   12.6218   13.0315   14.0021   14.4400   14.4888   14.5226   15.3049   15.3400   15.5911
  2.1904  -13.0835  -12.3274  -10.1938   -0.6683    0.6795   10.7587   12.5527   12.7196   13.1723   14.1181   14.5502   14.6033   14.6209   15.3644   15.4567   15.6771
  2.2122  -13.0094  -12.3253  -10.2972   -0.5646    0.5851   10.7230   12.6169   12.8030   13.2991   14.2377   14.6624   14.7201   14.7206   15.4225   15.5770   15.7524
  2.2340  -12.9331  -12.3366  -10.3848   -0.4580    0.4859   10.6939   12.6783   12.8737   13.4027   14.3608   14.7759   14.8177   14.8401   15.4800   15.7006   15.8003
  2.2559  -12.8547  -12.3634  -10.4542   -0.3486    0.3821   10.6715   12.7362   12.9307   13.4769   14.4873   14.8902   14.9087   14.9613   15.5383   15.7834   15.8071
  2.2777  -12.7742  -12.4069  -10.5039   -0.2363    0.2737   10.6558   12.7900   12.9703   13.5193   14.6174   14.9805   15.0041   15.0826   15.5980   15.6931   15.7017
  2.2995  -12.6919  -12.4675  -10.5334   -0.1214    0.1612   10.6465   12.8386   12.9861   13.5333   14.7509   15.0023   15.1165   15.2009   15.5458   15.5864   15.6707
  2.3214  -12.6104  -12.5418  -10.5432   -0.0065    0.0475   10.6435   12.8800   12.9702   13.5290   14.8853   14.9303   15.2246   15.2836   15.3843   15.5383   15.7412
  2.3214  -12.6104  -12.5418  -10.5432   -0.0065    0.0475   10.6435   12.8800   12.9702   13.5290   14.8853   14.9303   15.2246   15.2836   15.3843   15.5383   15.7416
  2.3650  -12.7768  -12.3978  -10.5103   -0.2261    0.2653   10.6544   12.7550   12.9994   13.5234   14.5264   14.8103   15.1896   15.4338   15.5195   15.5389   15.7171
  2.4086  -13.0155  -12.2152  -10.4226   -0.4845    0.5193   10.6836   12.4589   13.0393   13.5063   14.0721   14.2985   15.2149   15.3009   15.4888   15.6606   15.8566
  2.4522  -13.2817  -12.0229  -10.2953   -0.7548    0.7848   10.7235   12.0840   13.0545   13.4547   13.6160   13.7924   14.7679   14.9222   15.7986   15.8557   16.0206
  2.4957  -13.5634  -11.8220  -10.1393   -1.0344    1.0610   10.7623   11.6729   13.0414   13.1789   13.2440   13.4136   14.3157   14.4834   16.0629   16.1188   16.1724
  2.5393  -13.8529  -11.6127   -9.9618   -1.3213    1.3475   10.7810   11.2471   12.7694   12.7744   13.0050   13.2651   13.8836   14.0326   15.8510   16.0399   16.3238
  2.5829  -14.1453  -11.3952   -9.7677   -1.6132    1.6442   10.7518   10.8177   12.2933   12.4149   12.9300   13.1069   13.4890   13.5885   15.4568   15.6756   16.5779
  2.6265  -14.4372  -11.1695   -9.5601   -1.9084    1.9507   10.3909   10.6436   11.8278   12.1028   12.7854   12.9560   13.1557   13.1715   15.0687   15.2654   16.8598
  2.6701  -14.7264  -10.9359   -9.3413   -2.2050    2.2665    9.9705   10.4429   11.3754   11.8134   12.5278   12.7596   12.8902   12.9106   14.7091   14.8497   17.1722
  2.7137  -15.0113  -10.6944   -9.1127   -2.5014    2.5914    9.5586   10.1672   10.9367   11.5081   12.1701   12.4851   12.7540   12.7749   14.3995   14.4384   17.0160
  2.7573  -15.2907  -10.4452   -8.8759   -2.7963    2.9249    9.1569    9.8466   10.5119   11.1750   11.7779   12.2294   12.6358   12.6719   14.0354   14.1683   16.6876
  2.8009  -15.5639  -10.1885   -8.6318   -3.0882    3.2666    8.7662    9.5049   10.1013   10.8246   11.3850   11.9786   12.4888   12.5675   13.6429   14.0399   16.3769
  2.8445  -15.8300   -9.9244   -8.3815   -3.3761    3.6159    8.3872    9.1563    9.7049   10.4689   11.0007   11.7299   12.2809   12.4607   13.2620   14.0050   16.1068
  2.8881  -16.0887   -9.6533   -8.1257   -3.6589    3.9721    8.0206    8.8090    9.3228   10.1155   10.6276   11.4841   12.0222   12.3515   12.8934   14.0123   15.9069
  2.9317  -16.3393   -9.3753   -7.8653   -3.9357    4.3348    7.6667    8.4674    8.9550    9.7689   10.2672   11.2424   11.7354   12.2401   12.5379   13.9972   15.6087
  2.9753  -16.5817   -9.0909   -7.6013   -4.2057    4.7031    7.3258    8.1344    8.6015    9.4317    9.9199   11.0063   11.4374   12.1261   12.1965   13.9151   15.2725
  3.0189  -16.8155   -8.8003   -7.3343   -4.4683    5.0763    6.9981    7.8117    8.2624    9.1055    9.5861   10.7769   11.1380   11.8657   12.0131   13.7622   14.9484
  3.0625  -17.0405   -8.5038   -7.0654   -4.7228    5.4535    6.6837    7.5003    7.9376    8.7911    9.2661   10.5551   10.8431   11.5508   11.8959   13.5607   14.6367
  3.1061  -17.2564   -8.2021   -6.7954   -4.9686    5.8337    6.3828    7.2010    7.6273    8.4893    8.9599   10.3418   10.5558   11.2496   11.7766   13.3337   14.3380
  3.1497  -17.4631   -7.8956   -6.5253   -5.2053    6.0956    6.2157    6.9145    7.3314    8.2006    8.6678   10.1377   10.2782   10.9623   11.6543   13.0965   14.0523
  3.1933  -17.6603   -7.5850   -6.2562   -5.4324    5.8221    6.5973    6.6420    7.0499    7.9251    8.3897    9.9433   10.0116   10.6892   11.5282   12.8582   13.7799
  3.2369  -17.8481   -7.2708   -5.9890   -5.6496    5.5623    6.3804    6.7828    6.9807    7.6632    8.1258    9.7568    9.7591   10.4302   11.3972   12.6241   13.5209
  3.2805  -18.0262   -6.9541   -5.8565   -5.7250    5.3164    6.1336    6.5301    7.3600    7.4155    7.8760    9.5145    9.5853   10.1856   11.2600   12.3973   13.2755
  3.3241  -18.1946   -6.6357   -6.0528   -5.4654    5.0844    5.9004    6.2918    7.1805    7.6404    7.7369    9.2851    9.4221    9.9554   11.1148   12.1799   13.0438
  3.3676  -18.3531   -6.3168   -6.2383   -5.2113    4.8664    5.6810    6.0680    6.9601    7.4191    8.1075    9.0688    9.2698    9.7399   10.9599   11.9731   12.8257
  3.4112  -18.5018   -6.4128   -5.9986   -4.9643    4.6623    5.4755    5.8587    6.7536    7.2120    8.4706    8.8659    9.1282    9.5391   10.7935   11.7779   12.6214
  3.4548  -18.6404   -6.5759   -5.6827   -4.7256    4.4723    5.2840    5.6637    6.5612    7.0192    8.6762    8.8246    8.9971    9.3535   10.6140   11.5948   12.4309
  3.4984  -18.7690   -6.7276   -5.3709   -4.4967    4.2962    5.1064    5.4832    6.3830    6.8407    8.5007    8.8761    9.1662    9.1834   10.4205   11.4243   12.2542
  3.5420  -18.8875   -6.8677   -5.0651   -4.2789    4.1343    4.9430    5.3172    6.2189    6.6764    8.3389    8.7645    9.0294    9.4938   10.2132   11.2668   12.0914
  3.5856  -18.9958   -6.9960   -4.7679   -4.0739    3.9863    4.7936    5.1655    6.0689    6.5265    8.1909    8.6614    8.8922    9.8048    9.9936   11.1225   11.9425
  3.6292  -19.0940   -7.1124   -4.4818   -3.8830    3.8525    4.6584    5.0284    5.9332    6.3908    8.0568    8.5656    8.7727    9.7652   10.0966   10.9915   11.8076
  3.6728  -19.1818   -7.2169   -4.2101   -3.7077    3.7328    4.5373    4.9056    5.8117    6.2695    7.9368    8.4763    8.6713    9.5332   10.3666   10.8740   11.6867
  3.7164  -19.2595   -7.3093   -3.9561   -3.5493    3.6271    4.4305    4.7973    5.7045    6.1624    7.8308    8.3935    8.5875    9.3039   10.6122   10.7702   11.5798
  3.7600  -19.3268   -7.3895   -3.7238   -3.4091    3.5356    4.3378    4.7035    5.6116    6.0696    7.7388    8.3184    8.5194    9.0848   10.6798   10.8312   11.4870
  3.8036  -19.3838   -7.4574   -3.5173   -3.2884    3.4581    4.2594    4.6241    5.5329    5.9911    7.6610    8.2523    8.4648    8.8837   10.6035   11.0208   11.4084
  3.8472  -19.4305   -7.5131   -3.3407   -3.1880    3.3947    4.1952    4.5591    5.4685    5.9269    7.5973    8.1968    8.4211    8.7085   10.5410   11.1791   11.3440
  3.8908  -19.4668   -7.5565   -3.1982   -3.1088    3.3454    4.1453    4.5086    5.4185    5.8770    7.5477    8.1528    8.3852    8.5676   10.4923   11.2938   11.3043
  3.9344  -19.4928   -7.5875   -3.0938   -3.0513    3.3102    4.1096    4.4725    5.3827    5.8413    7.5123    8.1210    8.3526    8.4701   10.4574   11.2580   11.3948
  3.9780  -19.5084   -7.6061   -3.0316   -3.0149    3.2891    4.0882    4.4508    5.3612    5.8199    7.4911    8.1019    8.3226    8.4204   10.4366   11.2364   11.4495
  4.0216  -19.5136   -7.6123   -3.0131   -3.0003    3.2821    4.0811    4.4436    5.3541    5.8128    7.4840    8.0955    8.3094    8.4068   10.4296   11.2293   11.4678
