      #Energy        TDOS
     -21.34598       0.00000
     -21.33198       0.00000
     -21.31898       0.00000
     -21.30598       0.00000
     -21.29198       0.00000
     -21.27898       0.00000
     -21.26498       0.00000
     -21.25198       0.00000
     -21.23798       0.00000
     -21.22498       0.00000
     -21.21098       0.00000
     -21.19798       0.00000
     -21.18498       0.00000
     -21.17098       0.00000
     -21.15798       0.00000
     -21.14398       0.00000
     -21.13098       0.00000
     -21.11698       0.00000
     -21.10398       0.00000
     -21.08998       0.00000
     -21.07698       0.00000
     -21.06398       0.00000
     -21.04998       0.00000
     -21.03698       0.00000
     -21.02298       0.00000
     -21.00998       0.00000
     -20.99598       0.00000
     -20.98298       0.00000
     -20.96998       0.00000
     -20.95598       0.00000
     -20.94298       0.00000
     -20.92898       0.00000
     -20.91598       0.00000
     -20.90198       0.00000
     -20.88898       0.00000
     -20.87498       0.00000
     -20.86198       0.00000
     -20.84898       0.00000
     -20.83498       0.00000
     -20.82198       0.00000
     -20.80798       0.00000
     -20.79498       0.00000
     -20.78098       0.00000
     -20.76798       0.00000
     -20.75398       0.00000
     -20.74098       0.00000
     -20.72798       0.00000
     -20.71398       0.00000
     -20.70098       0.00000
     -20.68698       0.00000
     -20.67398       0.00000
     -20.65998       0.00000
     -20.64698       0.00000
     -20.63298       0.00000
     -20.61998       0.00000
     -20.60698       0.00000
     -20.59298       0.00000
     -20.57998       0.00000
     -20.56598       0.00000
     -20.55298       0.00000
     -20.53898       0.00000
     -20.52598       0.00000
     -20.51198       0.00000
     -20.49898       0.00000
     -20.48598       0.00000
     -20.47198       0.00000
     -20.45898       0.00000
     -20.44498       0.00000
     -20.43198       0.00000
     -20.41798       0.00000
     -20.40498       0.00000
     -20.39198       0.00000
     -20.37798       0.00000
     -20.36498       0.00000
     -20.35098       0.00000
     -20.33798       0.00000
     -20.32398       0.00000
     -20.31098       0.00000
     -20.29698       0.00000
     -20.28398       0.00000
     -20.27098       0.00000
     -20.25698       0.00000
     -20.24398       0.00000
     -20.22998       0.00000
     -20.21698       0.00000
     -20.20298       0.00000
     -20.18998       0.00000
     -20.17598       0.00000
     -20.16298       0.00000
     -20.14998       0.00000
     -20.13598       0.00000
     -20.12298       0.00000
     -20.10898       0.00000
     -20.09598       0.00000
     -20.08198       0.00000
     -20.06898       0.00000
     -20.05498       0.00000
     -20.04198       0.00000
     -20.02898       0.00000
     -20.01498       0.00000
     -20.00198       0.00000
     -19.98798       0.00000
     -19.97498       0.00000
     -19.96098       0.00000
     -19.94798       0.00000
     -19.93398       0.00000
     -19.92098       0.00000
     -19.90798       0.00000
     -19.89398       0.00000
     -19.88098       0.00000
     -19.86698       0.00000
     -19.85398       0.00000
     -19.83998       0.00000
     -19.82698       0.00000
     -19.81298       0.00000
     -19.79998       0.00000
     -19.78698       0.00000
     -19.77298       0.00000
     -19.75998       0.00000
     -19.74598       0.00000
     -19.73298       0.00000
     -19.71898       0.00000
     -19.70598       0.00000
     -19.69298       0.00000
     -19.67898       0.00000
     -19.66598       0.00000
     -19.65198       0.00000
     -19.63898       0.00000
     -19.62498       0.00000
     -19.61198       0.00000
     -19.59798       0.00000
     -19.58498       0.00000
     -19.57198       0.00000
     -19.55798       0.00000
     -19.54498       0.00000
     -19.53098       0.00000
     -19.51798       0.00000
     -19.50398       0.00030
     -19.49098       0.00133
     -19.47698       0.00322
     -19.46398       0.00599
     -19.45098       0.00963
     -19.43698       0.01414
     -19.42398       0.01952
     -19.40998       0.02577
     -19.39698       0.03085
     -19.38298       0.03436
     -19.36998       0.03795
     -19.35598       0.04160
     -19.34298       0.04534
     -19.32998       0.04914
     -19.31598       0.05301
     -19.30298       0.05696
     -19.28898       0.06098
     -19.27598       0.06508
     -19.26198       0.06925
     -19.24898       0.07349
     -19.23498       0.07780
     -19.22198       0.08218
     -19.20898       0.08664
     -19.19498       0.09116
     -19.18198       0.09565
     -19.16798       0.10004
     -19.15498       0.10435
     -19.14098       0.10857
     -19.12798       0.11270
     -19.11498       0.11674
     -19.10098       0.12069
     -19.08798       0.12457
     -19.07398       0.12845
     -19.06098       0.13236
     -19.04698       0.13628
     -19.03398       0.14024
     -19.01998       0.14422
     -19.00698       0.14823
     -18.99398       0.15226
     -18.97998       0.15632
     -18.96698       0.16040
     -18.95298       0.16451
     -18.93998       0.16865
     -18.92598       0.17281
     -18.91298       0.17700
     -18.89898       0.18121
     -18.88598       0.18545
     -18.87298       0.18971
     -18.85898       0.19401
     -18.84598       0.19832
     -18.83198       0.20267
     -18.81898       0.20703
     -18.80498       0.21143
     -18.79198       0.21585
     -18.77798       0.22018
     -18.76498       0.22436
     -18.75198       0.22848
     -18.73798       0.23259
     -18.72498       0.23669
     -18.71098       0.24079
     -18.69798       0.24489
     -18.68398       0.24897
     -18.67098       0.25306
     -18.65698       0.25714
     -18.64398       0.26121
     -18.63098       0.26528
     -18.61698       0.26935
     -18.60398       0.27341
     -18.58998       0.27746
     -18.57698       0.28151
     -18.56298       0.28556
     -18.54998       0.28961
     -18.53698       0.29369
     -18.52298       0.29777
     -18.50998       0.30187
     -18.49598       0.30598
     -18.48298       0.31011
     -18.46898       0.31425
     -18.45598       0.31840
     -18.44198       0.32256
     -18.42898       0.32674
     -18.41598       0.33094
     -18.40198       0.33514
     -18.38898       0.33936
     -18.37498       0.34359
     -18.36198       0.34784
     -18.34798       0.35210
     -18.33498       0.35637
     -18.32098       0.36065
     -18.30798       0.36495
     -18.29498       0.36926
     -18.28098       0.37359
     -18.26798       0.37793
     -18.25398       0.38227
     -18.24098       0.38660
     -18.22698       0.39089
     -18.21398       0.39515
     -18.19998       0.39938
     -18.18698       0.40358
     -18.17398       0.40774
     -18.15998       0.41188
     -18.14698       0.41599
     -18.13298       0.42009
     -18.11998       0.42421
     -18.10598       0.42832
     -18.09298       0.43244
     -18.07898       0.43656
     -18.06598       0.44068
     -18.05298       0.44481
     -18.03898       0.44894
     -18.02598       0.45307
     -18.01198       0.45720
     -17.99898       0.46134
     -17.98498       0.46548
     -17.97198       0.46962
     -17.95898       0.47377
     -17.94498       0.47792
     -17.93198       0.48207
     -17.91798       0.48623
     -17.90498       0.49039
     -17.89098       0.49455
     -17.87798       0.49871
     -17.86398       0.50288
     -17.85098       0.50705
     -17.83798       0.51123
     -17.82398       0.51541
     -17.81098       0.51960
     -17.79698       0.52380
     -17.78398       0.52801
     -17.76998       0.53222
     -17.75698       0.53645
     -17.74298       0.54068
     -17.72998       0.54492
     -17.71698       0.54917
     -17.70298       0.55343
     -17.68998       0.55769
     -17.67598       0.56197
     -17.66298       0.56625
     -17.64898       0.57054
     -17.63598       0.57484
     -17.62198       0.57915
     -17.60898       0.58346
     -17.59598       0.58779
     -17.58198       0.59212
     -17.56898       0.59646
     -17.55498       0.60081
     -17.54198       0.60515
     -17.52798       0.60943
     -17.51498       0.61368
     -17.50098       0.61792
     -17.48798       0.62216
     -17.47498       0.62639
     -17.46098       0.63061
     -17.44798       0.63484
     -17.43398       0.63905
     -17.42098       0.64326
     -17.40698       0.64747
     -17.39398       0.65167
     -17.37998       0.65587
     -17.36698       0.66006
     -17.35398       0.66425
     -17.33998       0.66843
     -17.32698       0.67261
     -17.31298       0.67679
     -17.29998       0.68097
     -17.28598       0.68516
     -17.27298       0.68935
     -17.25998       0.69355
     -17.24598       0.69775
     -17.23298       0.70195
     -17.21898       0.70616
     -17.20598       0.71037
     -17.19198       0.71459
     -17.17898       0.71880
     -17.16498       0.72303
     -17.15198       0.72725
     -17.13898       0.73148
     -17.12498       0.73572
     -17.11198       0.73996
     -17.09798       0.74420
     -17.08498       0.74844
     -17.07098       0.75269
     -17.05798       0.75695
     -17.04398       0.76121
     -17.03098       0.76547
     -17.01798       0.76973
     -17.00398       0.77400
     -16.99098       0.77828
     -16.97698       0.78255
     -16.96398       0.78683
     -16.94998       0.79112
     -16.93698       0.79541
     -16.92298       0.79970
     -16.90998       0.80400
     -16.89698       0.80830
     -16.88298       0.81261
     -16.86998       0.81692
     -16.85598       0.82125
     -16.84298       0.82557
     -16.82898       0.82991
     -16.81598       0.83424
     -16.80198       0.83859
     -16.78898       0.84294
     -16.77598       0.84730
     -16.76198       0.85166
     -16.74898       0.85603
     -16.73498       0.86041
     -16.72198       0.86478
     -16.70798       0.86916
     -16.69498       0.87352
     -16.68198       0.87787
     -16.66798       0.88221
     -16.65498       0.88653
     -16.64098       0.89085
     -16.62798       0.89515
     -16.61398       0.89944
     -16.60098       0.90373
     -16.58698       0.90802
     -16.57398       0.91231
     -16.56098       0.91660
     -16.54698       0.92089
     -16.53398       0.92519
     -16.51998       0.92948
     -16.50698       0.93377
     -16.49298       0.93807
     -16.47998       0.94237
     -16.46598       0.94666
     -16.45298       0.95096
     -16.43998       0.95526
     -16.42598       0.95956
     -16.41298       0.96386
     -16.39898       0.96816
     -16.38598       0.97246
     -16.37198       0.97676
     -16.35898       0.98106
     -16.34498       0.98536
     -16.33198       0.98967
     -16.31898       0.99397
     -16.30498       0.99828
     -16.29198       1.00259
     -16.27798       1.00691
     -16.26498       1.01123
     -16.25098       1.01555
     -16.23798       1.01988
     -16.22398       1.02422
     -16.21098       1.02855
     -16.19798       1.03289
     -16.18398       1.03724
     -16.17098       1.04159
     -16.15698       1.04594
     -16.14398       1.05030
     -16.12998       1.05466
     -16.11698       1.05903
     -16.10398       1.06340
     -16.08998       1.06778
     -16.07698       1.07215
     -16.06298       1.07654
     -16.04998       1.08092
     -16.03598       1.08532
     -16.02298       1.08971
     -16.00898       1.09411
     -15.99598       1.09852
     -15.98298       1.10293
     -15.96898       1.10734
     -15.95598       1.11175
     -15.94198       1.11617
     -15.92898       1.12060
     -15.91498       1.12503
     -15.90198       1.12946
     -15.88798       1.13390
     -15.87498       1.13834
     -15.86198       1.14279
     -15.84798       1.14724
     -15.83498       1.15169
     -15.82098       1.15615
     -15.80798       1.16062
     -15.79398       1.16509
     -15.78098       1.16956
     -15.76698       1.17404
     -15.75398       1.17853
     -15.74098       1.18302
     -15.72698       1.18750
     -15.71398       1.19198
     -15.69998       1.19645
     -15.68698       1.20091
     -15.67298       1.20537
     -15.65998       1.20984
     -15.64598       1.21430
     -15.63298       1.21877
     -15.61998       1.22323
     -15.60598       1.22770
     -15.59298       1.23217
     -15.57898       1.23664
     -15.56598       1.24111
     -15.55198       1.24558
     -15.53898       1.25005
     -15.52598       1.25452
     -15.51198       1.25900
     -15.49898       1.26348
     -15.48498       1.26797
     -15.47198       1.27247
     -15.45798       1.27697
     -15.44498       1.28147
     -15.43098       1.28598
     -15.41798       1.29049
     -15.40498       1.29502
     -15.39098       1.29954
     -15.37798       1.30407
     -15.36398       1.30861
     -15.35098       1.31316
     -15.33698       1.31770
     -15.32398       1.32226
     -15.30998       1.32682
     -15.29698       1.33138
     -15.28398       1.33595
     -15.26998       1.34053
     -15.25698       1.34511
     -15.24298       1.34970
     -15.22998       1.35429
     -15.21598       1.35889
     -15.20298       1.36349
     -15.18898       1.36810
     -15.17598       1.37271
     -15.16298       1.37733
     -15.14898       1.38196
     -15.13598       1.38660
     -15.12198       1.39126
     -15.10898       1.39594
     -15.09498       1.40063
     -15.08198       1.40535
     -15.06798       1.41008
     -15.05498       1.41483
     -15.04198       1.41961
     -15.02798       1.42440
     -15.01498       1.42921
     -15.00098       1.43404
     -14.98798       1.43889
     -14.97398       1.44376
     -14.96098       1.44865
     -14.94798       1.45356
     -14.93398       1.45849
     -14.92098       1.46343
     -14.90698       1.46840
     -14.89398       1.47338
     -14.87998       1.47839
     -14.86698       1.48341
     -14.85298       1.48845
     -14.83998       1.49352
     -14.82698       1.49860
     -14.81298       1.50370
     -14.79998       1.50882
     -14.78598       1.51396
     -14.77298       1.51911
     -14.75898       1.52429
     -14.74598       1.52949
     -14.73198       1.53470
     -14.71898       1.53994
     -14.70598       1.54520
     -14.69198       1.55047
     -14.67898       1.55576
     -14.66498       1.56108
     -14.65198       1.56641
     -14.63798       1.57203
     -14.62498       1.57794
     -14.61098       1.58408
     -14.59798       1.59046
     -14.58498       1.59705
     -14.57098       1.60383
     -14.55798       1.61055
     -14.54398       1.61719
     -14.53098       1.62378
     -14.51698       1.63029
     -14.50398       1.63675
     -14.48998       1.64314
     -14.47698       1.64946
     -14.46398       1.65573
     -14.44998       1.66192
     -14.43698       1.66806
     -14.42298       1.67413
     -14.40998       1.68013
     -14.39598       1.68608
     -14.38298       1.69195
     -14.36898       1.69811
     -14.35598       1.70512
     -14.34298       1.71308
     -14.32898       1.72157
     -14.31598       1.73079
     -14.30198       1.74028
     -14.28898       1.74911
     -14.27498       1.75726
     -14.26198       1.76471
     -14.24898       1.77147
     -14.23498       1.77755
     -14.22198       1.78297
     -14.20798       1.78788
     -14.19498       1.79233
     -14.18098       1.79643
     -14.16798       1.80028
     -14.15398       1.80391
     -14.14098       1.80742
     -14.12798       1.81090
     -14.11398       1.81433
     -14.10098       1.81772
     -14.08698       1.82108
     -14.07398       1.82439
     -14.05998       1.82767
     -14.04698       1.83091
     -14.03298       1.83410
     -14.01998       1.83726
     -14.00698       1.84038
     -13.99298       1.84347
     -13.97998       1.84651
     -13.96598       1.84951
     -13.95298       1.85248
     -13.93898       1.85540
     -13.92598       1.85829
     -13.91198       1.86114
     -13.89898       1.86395
     -13.88598       1.86672
     -13.87198       1.86945
     -13.85898       1.87214
     -13.84498       1.87479
     -13.83198       1.87740
     -13.81798       1.87998
     -13.80498       1.88251
     -13.79098       1.88501
     -13.77798       1.88747
     -13.76498       1.88989
     -13.75098       1.89227
     -13.73798       1.89461
     -13.72398       1.89691
     -13.71098       1.89917
     -13.69698       1.90140
     -13.68398       1.90359
     -13.67098       1.90581
     -13.65698       1.90813
     -13.64398       1.91063
     -13.62998       1.91338
     -13.61698       1.91643
     -13.60298       1.91990
     -13.58998       1.92389
     -13.57598       1.92841
     -13.56298       1.93345
     -13.54998       1.93855
     -13.53598       1.94297
     -13.52298       1.94679
     -13.50898       1.94974
     -13.49598       1.95160
     -13.48198       1.95308
     -13.46898       1.95455
     -13.45498       1.95599
     -13.44198       1.95741
     -13.42898       1.95881
     -13.41498       1.96019
     -13.40198       1.96154
     -13.38798       1.96287
     -13.37498       1.96417
     -13.36098       1.96546
     -13.34798       1.96672
     -13.33398       1.96795
     -13.32098       1.96917
     -13.30798       1.97036
     -13.29398       1.97153
     -13.28098       1.97268
     -13.26698       1.97380
     -13.25398       1.97490
     -13.23998       1.97598
     -13.22698       1.97704
     -13.21298       1.97807
     -13.19998       1.97908
     -13.18698       1.98007
     -13.17298       1.98103
     -13.15998       1.98198
     -13.14598       1.98297
     -13.13298       1.98410
     -13.11898       1.98541
     -13.10598       1.98688
     -13.09298       1.98853
     -13.07898       1.99036
     -13.06598       1.99235
     -13.05198       1.99452
     -13.03898       1.99687
     -13.02498       1.99939
     -13.01198       2.00208
     -12.99798       2.00494
     -12.98498       2.00797
     -12.97198       2.01118
     -12.95798       2.01457
     -12.94498       2.01812
     -12.93098       2.02185
     -12.91798       2.02575
     -12.90398       2.02983
     -12.89098       2.03408
     -12.87698       2.03850
     -12.86398       2.04310
     -12.85098       2.04787
     -12.83698       2.05281
     -12.82398       2.05755
     -12.80998       2.06134
     -12.79698       2.06446
     -12.78298       2.06762
     -12.76998       2.07080
     -12.75598       2.07402
     -12.74298       2.07726
     -12.72998       2.08053
     -12.71598       2.08383
     -12.70298       2.08716
     -12.68898       2.09052
     -12.67598       2.09393
     -12.66198       2.09760
     -12.64898       2.10201
     -12.63498       2.10763
     -12.62198       2.11466
     -12.60898       2.12311
     -12.59498       2.13299
     -12.58198       2.14430
     -12.56798       2.15377
     -12.55498       2.15935
     -12.54098       2.16363
     -12.52798       2.16798
     -12.51498       2.17244
     -12.50098       2.17701
     -12.48798       2.18168
     -12.47398       2.18646
     -12.46098       2.19135
     -12.44698       2.19634
     -12.43398       2.20145
     -12.41998       2.20665
     -12.40698       2.21197
     -12.39398       2.21739
     -12.37998       2.22292
     -12.36698       2.22855
     -12.35298       2.23430
     -12.33998       2.24015
     -12.32598       2.24610
     -12.31298       2.25217
     -12.29898       2.25834
     -12.28598       2.26461
     -12.27298       2.27100
     -12.25898       2.27749
     -12.24598       2.28408
     -12.23198       2.29079
     -12.21898       2.29760
     -12.20498       2.30452
     -12.19198       2.31154
     -12.17798       2.31867
     -12.16498       2.32591
     -12.15198       2.33326
     -12.13798       2.34071
     -12.12498       2.34827
     -12.11098       2.35593
     -12.09798       2.36371
     -12.08398       2.37159
     -12.07098       2.37957
     -12.05698       2.38767
     -12.04398       2.39553
     -12.03098       2.40274
     -12.01698       2.40909
     -12.00398       2.41457
     -11.98998       2.41967
     -11.97698       2.42475
     -11.96298       2.42982
     -11.94998       2.43486
     -11.93598       2.43989
     -11.92298       2.44490
     -11.90998       2.44990
     -11.89598       2.45487
     -11.88298       2.45983
     -11.86898       2.46478
     -11.85598       2.46970
     -11.84198       2.47461
     -11.82898       2.47950
     -11.81598       2.48437
     -11.80198       2.48923
     -11.78898       2.49407
     -11.77498       2.49889
     -11.76198       2.50369
     -11.74798       2.50848
     -11.73498       2.51324
     -11.72098       2.51800
     -11.70798       2.52273
     -11.69498       2.52745
     -11.68098       2.53215
     -11.66798       2.53683
     -11.65398       2.54149
     -11.64098       2.54614
     -11.62698       2.55077
     -11.61398       2.55538
     -11.59998       2.55998
     -11.58698       2.56456
     -11.57398       2.56911
     -11.55998       2.57366
     -11.54698       2.57818
     -11.53298       2.58268
     -11.51998       2.58717
     -11.50598       2.59164
     -11.49298       2.59609
     -11.47898       2.60052
     -11.46598       2.60493
     -11.45298       2.60933
     -11.43898       2.61370
     -11.42598       2.61806
     -11.41198       2.62240
     -11.39898       2.62673
     -11.38498       2.63103
     -11.37198       2.63532
     -11.35798       2.63958
     -11.34498       2.64383
     -11.33198       2.64806
     -11.31798       2.65228
     -11.30498       2.65647
     -11.29098       2.66065
     -11.27798       2.66481
     -11.26398       2.66895
     -11.25098       2.67308
     -11.23798       2.67718
     -11.22398       2.68127
     -11.21098       2.68534
     -11.19698       2.68940
     -11.18398       2.69343
     -11.16998       2.69745
     -11.15698       2.70145
     -11.14298       2.70543
     -11.12998       2.70940
     -11.11698       2.71334
     -11.10298       2.71727
     -11.08998       2.72118
     -11.07598       2.72508
     -11.06298       2.72895
     -11.04898       2.73281
     -11.03598       2.73664
     -11.02198       2.74046
     -11.00898       2.74426
     -10.99598       2.74804
     -10.98198       2.75181
     -10.96898       2.75556
     -10.95498       2.75931
     -10.94198       2.76306
     -10.92798       2.76679
     -10.91498       2.77053
     -10.90098       2.77426
     -10.88798       2.77799
     -10.87498       2.78171
     -10.86098       2.78543
     -10.84798       2.78914
     -10.83398       2.79286
     -10.82098       2.79656
     -10.80698       2.80027
     -10.79398       2.80397
     -10.77998       2.80766
     -10.76698       2.81136
     -10.75398       2.81505
     -10.73998       2.81873
     -10.72698       2.82241
     -10.71298       2.82609
     -10.69998       2.82976
     -10.68598       2.83343
     -10.67298       2.83710
     -10.65998       2.84076
     -10.64598       2.84442
     -10.63298       2.84807
     -10.61898       2.85172
     -10.60598       2.85537
     -10.59198       2.85901
     -10.57898       2.86265
     -10.56498       2.86628
     -10.55198       2.86991
     -10.53898       2.87355
     -10.52498       2.87722
     -10.51198       2.88093
     -10.49798       2.88469
     -10.48498       2.88850
     -10.47098       2.89235
     -10.45798       2.89625
     -10.44398       2.90020
     -10.43098       2.90420
     -10.41798       2.90824
     -10.40398       2.91233
     -10.39098       2.91646
     -10.37698       2.92064
     -10.36398       2.92487
     -10.34998       2.92915
     -10.33698       2.93347
     -10.32298       2.93784
     -10.30998       2.94225
     -10.29698       2.94671
     -10.28298       2.95122
     -10.26998       2.95578
     -10.25598       2.96038
     -10.24298       2.96503
     -10.22898       2.96972
     -10.21598       2.97443
     -10.20198       2.97911
     -10.18898       2.98374
     -10.17598       2.98833
     -10.16198       2.99290
     -10.14898       2.99752
     -10.13498       3.00219
     -10.12198       3.00691
     -10.10798       3.01168
     -10.09498       3.01650
     -10.08198       3.02136
     -10.06798       3.02627
     -10.05498       3.03124
     -10.04098       3.03625
     -10.02798       3.04130
     -10.01398       3.04641
     -10.00098       3.05157
      -9.98698       3.05677
      -9.97398       3.06202
      -9.96098       3.06732
      -9.94698       3.07267
      -9.93398       3.07799
      -9.91998       3.08323
      -9.90698       3.08839
      -9.89298       3.09348
      -9.87998       3.09857
      -9.86598       3.10365
      -9.85298       3.10874
      -9.83998       3.11382
      -9.82598       3.11891
      -9.81298       3.12399
      -9.79898       3.12908
      -9.78598       3.13416
      -9.77198       3.13924
      -9.75898       3.14432
      -9.74498       3.14941
      -9.73198       3.15449
      -9.71898       3.15957
      -9.70498       3.16465
      -9.69198       3.16973
      -9.67798       3.17481
      -9.66498       3.17989
      -9.65098       3.18496
      -9.63798       3.19004
      -9.62398       3.19512
      -9.61098       3.20020
      -9.59798       3.20527
      -9.58398       3.21035
      -9.57098       3.21543
      -9.55698       3.22050
      -9.54398       3.22558
      -9.52998       3.23065
      -9.51698       3.23572
      -9.50298       3.24079
      -9.48998       3.24586
      -9.47698       3.25093
      -9.46298       3.25599
      -9.44998       3.26104
      -9.43598       3.26608
      -9.42298       3.27111
      -9.40898       3.27614
      -9.39598       3.28116
      -9.38298       3.28617
      -9.36898       3.29118
      -9.35598       3.29620
      -9.34198       3.30123
      -9.32898       3.30626
      -9.31498       3.31129
      -9.30198       3.31634
      -9.28798       3.32138
      -9.27498       3.32644
      -9.26198       3.33150
      -9.24798       3.33657
      -9.23498       3.34164
      -9.22098       3.34672
      -9.20798       3.35180
      -9.19398       3.35690
      -9.18098       3.36199
      -9.16698       3.36710
      -9.15398       3.37221
      -9.14098       3.37732
      -9.12698       3.38244
      -9.11398       3.38757
      -9.09998       3.39270
      -9.08698       3.39784
      -9.07298       3.40299
      -9.05998       3.40814
      -9.04598       3.41330
      -9.03298       3.41846
      -9.01998       3.42363
      -9.00598       3.42881
      -8.99298       3.43399
      -8.97898       3.43918
      -8.96598       3.44437
      -8.95198       3.44957
      -8.93898       3.45477
      -8.92498       3.45999
      -8.91198       3.46521
      -8.89898       3.47044
      -8.88498       3.47569
      -8.87198       3.48094
      -8.85798       3.48622
      -8.84498       3.49151
      -8.83098       3.49681
      -8.81798       3.50213
      -8.80498       3.50746
      -8.79098       3.51281
      -8.77798       3.51818
      -8.76398       3.52356
      -8.75098       3.52896
      -8.73698       3.53438
      -8.72398       3.53982
      -8.70998       3.54527
      -8.69698       3.55074
      -8.68398       3.55622
      -8.66998       3.56171
      -8.65698       3.56720
      -8.64298       3.57270
      -8.62998       3.57821
      -8.61598       3.58371
      -8.60298       3.58923
      -8.58898       3.59474
      -8.57598       3.60027
      -8.56298       3.60579
      -8.54898       3.61132
      -8.53598       3.61686
      -8.52198       3.62240
      -8.50898       3.62794
      -8.49498       3.63349
      -8.48198       3.63904
      -8.46798       3.64460
      -8.45498       3.65016
      -8.44198       3.65572
      -8.42798       3.66129
      -8.41498       3.66686
      -8.40098       3.67244
      -8.38798       3.67803
      -8.37398       3.68361
      -8.36098       3.68920
      -8.34698       3.69480
      -8.33398       3.70040
      -8.32098       3.70600
      -8.30698       3.71161
      -8.29398       3.71722
      -8.27998       3.72284
      -8.26698       3.72850
      -8.25298       3.73426
      -8.23998       3.74011
      -8.22698       3.74598
      -8.21298       3.75186
      -8.19998       3.75775
      -8.18598       3.76364
      -8.17298       3.76953
      -8.15898       3.77543
      -8.14598       3.78134
      -8.13198       3.78725
      -8.11898       3.79317
      -8.10598       3.79909
      -8.09198       3.80502
      -8.07898       3.81095
      -8.06498       3.81689
      -8.05198       3.82284
      -8.03798       3.82879
      -8.02498       3.83475
      -8.01098       3.84071
      -7.99798       3.84667
      -7.98498       3.85265
      -7.97098       3.85862
      -7.95798       3.86461
      -7.94398       3.87060
      -7.93098       3.87659
      -7.91698       3.88258
      -7.90398       3.88854
      -7.88998       3.89443
      -7.87698       3.90027
      -7.86398       3.90610
      -7.84998       3.91194
      -7.83698       3.91779
      -7.82298       3.92365
      -7.80998       3.92951
      -7.79598       3.93539
      -7.78298       3.94128
      -7.76898       3.94718
      -7.75598       3.95309
      -7.74298       3.95900
      -7.72898       3.96493
      -7.71598       3.97087
      -7.70198       3.97682
      -7.68898       3.98278
      -7.67498       3.98875
      -7.66198       3.99473
      -7.64898       4.00072
      -7.63498       4.00677
      -7.62198       4.01286
      -7.60798       4.01909
      -7.59498       4.02577
      -7.58098       4.03312
      -7.56798       4.04114
      -7.55398       4.04985
      -7.54098       4.05920
      -7.52798       4.06921
      -7.51398       4.07986
      -7.50098       4.09115
      -7.48698       4.10310
      -7.47398       4.11400
      -7.45998       4.12359
      -7.44698       4.13326
      -7.43298       4.14302
      -7.41998       4.15288
      -7.40698       4.16283
      -7.39298       4.17288
      -7.37998       4.18301
      -7.36598       4.19322
      -7.35298       4.20353
      -7.33898       4.21391
      -7.32598       4.22437
      -7.31198       4.23491
      -7.29898       4.24553
      -7.28598       4.25623
      -7.27198       4.26701
      -7.25898       4.27786
      -7.24498       4.28880
      -7.23198       4.29980
      -7.21798       4.31080
      -7.20498       4.32176
      -7.19098       4.33270
      -7.17798       4.34360
      -7.16498       4.35446
      -7.15098       4.36529
      -7.13798       4.37608
      -7.12398       4.38685
      -7.11098       4.39758
      -7.09698       4.40832
      -7.08398       4.41910
      -7.07098       4.42993
      -7.05698       4.44081
      -7.04398       4.45174
      -7.02998       4.46271
      -7.01698       4.47372
      -7.00298       4.48480
      -6.98998       4.49598
      -6.97598       4.50732
      -6.96298       4.51889
      -6.94998       4.53073
      -6.93598       4.54287
      -6.92298       4.55531
      -6.90898       4.56804
      -6.89598       4.58105
      -6.88198       4.59436
      -6.86898       4.60796
      -6.85498       4.62184
      -6.84198       4.63600
      -6.82898       4.65046
      -6.81498       4.66521
      -6.80198       4.68024
      -6.78798       4.69556
      -6.77498       4.71118
      -6.76098       4.72713
      -6.74798       4.74348
      -6.73398       4.76087
      -6.72098       4.77886
      -6.70798       4.79643
      -6.69398       4.81358
      -6.68098       4.83039
      -6.66698       4.84688
      -6.65398       4.86301
      -6.63998       4.87873
      -6.62698       4.89403
      -6.61298       4.90886
      -6.59998       4.92319
      -6.58698       4.93698
      -6.57298       4.95019
      -6.55998       4.96281
      -6.54598       4.97483
      -6.53298       4.98625
      -6.51898       4.99709
      -6.50598       5.00739
      -6.49198       5.01736
      -6.47898       5.02727
      -6.46598       5.03728
      -6.45198       5.04740
      -6.43898       5.05762
      -6.42498       5.06795
      -6.41198       5.07839
      -6.39798       5.08860
      -6.38498       5.09855
      -6.37198       5.10852
      -6.35798       5.11819
      -6.34498       5.12751
      -6.33098       5.13676
      -6.31798       5.14559
      -6.30398       5.15394
      -6.29098       5.16212
      -6.27698       5.17065
      -6.26398       5.18059
      -6.25098       5.19208
      -6.23698       5.20420
      -6.22398       5.21632
      -6.20998       5.22841
      -6.19698       5.24046
      -6.18298       5.25250
      -6.16998       5.26455
      -6.15598       5.27663
      -6.14298       5.28875
      -6.12998       5.30092
      -6.11598       5.31308
      -6.10298       5.32523
      -6.08898       5.33749
      -6.07598       5.35003
      -6.06198       5.36298
      -6.04898       5.37634
      -6.03498       5.39010
      -6.02198       5.40427
      -6.00898       5.41880
      -5.99498       5.43346
      -5.98198       5.44798
      -5.96798       5.46231
      -5.95498       5.47643
      -5.94098       5.49035
      -5.92798       5.50406
      -5.91398       5.51758
      -5.90098       5.53090
      -5.88798       5.54401
      -5.87398       5.55692
      -5.86098       5.56963
      -5.84698       5.58215
      -5.83398       5.59457
      -5.81998       5.60703
      -5.80698       5.61964
      -5.79398       5.63254
      -5.77998       5.64580
      -5.76698       5.65935
      -5.75298       5.67308
      -5.73998       5.68661
      -5.72598       5.69959
      -5.71298       5.71146
      -5.69898       5.72158
      -5.68598       5.72986
      -5.67298       5.73632
      -5.65898       5.74094
      -5.64598       5.74428
      -5.63198       5.74716
      -5.61898       5.74996
      -5.60498       5.75270
      -5.59198       5.75538
      -5.57798       5.75801
      -5.56498       5.76059
      -5.55198       5.76312
      -5.53798       5.76559
      -5.52498       5.76800
      -5.51098       5.77037
      -5.49798       5.77268
      -5.48398       5.77493
      -5.47098       5.77713
      -5.45698       5.77928
      -5.44398       5.78137
      -5.43098       5.78341
      -5.41698       5.78539
      -5.40398       5.78718
      -5.38998       5.78875
      -5.37698       5.79025
      -5.36298       5.79210
      -5.34998       5.79560
      -5.33598       5.80200
      -5.32298       5.81167
      -5.30998       5.82462
      -5.29598       5.83917
      -5.28298       5.85208
      -5.26898       5.86278
      -5.25598       5.87291
      -5.24198       5.88313
      -5.22898       5.89347
      -5.21598       5.90391
      -5.20198       5.91508
      -5.18898       5.92777
      -5.17498       5.94272
      -5.16198       5.95985
      -5.14798       5.97942
      -5.13498       6.00143
      -5.12098       6.02316
      -5.10798       6.04254
      -5.09498       6.05926
      -5.08098       6.07332
      -5.06798       6.08499
      -5.05398       6.09523
      -5.04098       6.10506
      -5.02698       6.11480
      -5.01398       6.12449
      -4.99998       6.13414
      -4.98698       6.14372
      -4.97398       6.15326
      -4.95998       6.16275
      -4.94698       6.17218
      -4.93298       6.18157
      -4.91998       6.19090
      -4.90598       6.20018
      -4.89298       6.20940
      -4.87898       6.21858
      -4.86598       6.22770
      -4.85298       6.23677
      -4.83898       6.24579
      -4.82598       6.25476
      -4.81198       6.26368
      -4.79898       6.27254
      -4.78498       6.28136
      -4.77198       6.29012
      -4.75798       6.29883
      -4.74498       6.30749
      -4.73198       6.31609
      -4.71798       6.32465
      -4.70498       6.33315
      -4.69098       6.34160
      -4.67798       6.35000
      -4.66398       6.35835
      -4.65098       6.36664
      -4.63798       6.37489
      -4.62398       6.38308
      -4.61098       6.39123
      -4.59698       6.39935
      -4.58398       6.40745
      -4.56998       6.41554
      -4.55698       6.42360
      -4.54298       6.43166
      -4.52998       6.43969
      -4.51698       6.44771
      -4.50298       6.45572
      -4.48998       6.46373
      -4.47598       6.47173
      -4.46298       6.47974
      -4.44898       6.48775
      -4.43598       6.49577
      -4.42198       6.50380
      -4.40898       6.51185
      -4.39598       6.52000
      -4.38198       6.52825
      -4.36898       6.53650
      -4.35498       6.54474
      -4.34198       6.55295
      -4.32798       6.56114
      -4.31498       6.56930
      -4.30098       6.57743
      -4.28798       6.58554
      -4.27498       6.59362
      -4.26098       6.60167
      -4.24798       6.60970
      -4.23398       6.61772
      -4.22098       6.62572
      -4.20698       6.63370
      -4.19398       6.64166
      -4.17998       6.64961
      -4.16698       6.65753
      -4.15398       6.66545
      -4.13998       6.67334
      -4.12698       6.68121
      -4.11298       6.68906
      -4.09998       6.69689
      -4.08598       6.70471
      -4.07298       6.71250
      -4.05898       6.72027
      -4.04598       6.72802
      -4.03298       6.73575
      -4.01898       6.74346
      -4.00598       6.75115
      -3.99198       6.75882
      -3.97898       6.76646
      -3.96498       6.77409
      -3.95198       6.78170
      -3.93898       6.78930
      -3.92498       6.79687
      -3.91198       6.80443
      -3.89798       6.81198
      -3.88498       6.81950
      -3.87098       6.82702
      -3.85798       6.83451
      -3.84398       6.84199
      -3.83098       6.84945
      -3.81798       6.85689
      -3.80398       6.86433
      -3.79098       6.87176
      -3.77698       6.87921
      -3.76398       6.88670
      -3.74998       6.89424
      -3.73698       6.90183
      -3.72298       6.90947
      -3.70998       6.91716
      -3.69698       6.92490
      -3.68298       6.93268
      -3.66998       6.94051
      -3.65598       6.94833
      -3.64298       6.95613
      -3.62898       6.96390
      -3.61598       6.97165
      -3.60198       6.97938
      -3.58898       6.98707
      -3.57598       6.99475
      -3.56198       7.00240
      -3.54898       7.01002
      -3.53498       7.01762
      -3.52198       7.02520
      -3.50798       7.03275
      -3.49498       7.04027
      -3.48098       7.04778
      -3.46798       7.05525
      -3.45498       7.06271
      -3.44098       7.07014
      -3.42798       7.07781
      -3.41398       7.08578
      -3.40098       7.09378
      -3.38698       7.10172
      -3.37398       7.10958
      -3.36098       7.11737
      -3.34698       7.12509
      -3.33398       7.13274
      -3.31998       7.14032
      -3.30698       7.14783
      -3.29298       7.15527
      -3.27998       7.16264
      -3.26598       7.16993
      -3.25298       7.17714
      -3.23998       7.18428
      -3.22598       7.19184
      -3.21298       7.19999
      -3.19898       7.20818
      -3.18598       7.21614
      -3.17198       7.22387
      -3.15898       7.23138
      -3.14498       7.23866
      -3.13198       7.24571
      -3.11898       7.25255
      -3.10498       7.25916
      -3.09198       7.26555
      -3.07798       7.27173
      -3.06498       7.27769
      -3.05098       7.28344
      -3.03798       7.28897
      -3.02398       7.29429
      -3.01098       7.29939
      -2.99798       7.30433
      -2.98398       7.30922
      -2.97098       7.31413
      -2.95698       7.31907
      -2.94398       7.32403
      -2.92998       7.32901
      -2.91698       7.33401
      -2.90298       7.33904
      -2.88998       7.34410
      -2.87698       7.34917
      -2.86298       7.35427
      -2.84998       7.35940
      -2.83598       7.36457
      -2.82298       7.36979
      -2.80898       7.37506
      -2.79598       7.38039
      -2.78298       7.38579
      -2.76898       7.39126
      -2.75598       7.39679
      -2.74198       7.40239
      -2.72898       7.40806
      -2.71498       7.41380
      -2.70198       7.41960
      -2.68798       7.42547
      -2.67498       7.43141
      -2.66198       7.43741
      -2.64798       7.44348
      -2.63498       7.44962
      -2.62098       7.45583
      -2.60798       7.46210
      -2.59398       7.46844
      -2.58098       7.47485
      -2.56698       7.48132
      -2.55398       7.48787
      -2.54098       7.49448
      -2.52698       7.50157
      -2.51398       7.50909
      -2.49998       7.51699
      -2.48698       7.52522
      -2.47298       7.53374
      -2.45998       7.54251
      -2.44598       7.55103
      -2.43298       7.55932
      -2.41998       7.56737
      -2.40598       7.57519
      -2.39298       7.58277
      -2.37898       7.59011
      -2.36598       7.59722
      -2.35198       7.60409
      -2.33898       7.61072
      -2.32498       7.61712
      -2.31198       7.62328
      -2.29898       7.62921
      -2.28498       7.63489
      -2.27198       7.64041
      -2.25798       7.64586
      -2.24498       7.65135
      -2.23098       7.65700
      -2.21798       7.66289
      -2.20498       7.66913
      -2.19098       7.67586
      -2.17798       7.68310
      -2.16398       7.69063
      -2.15098       7.69785
      -2.13698       7.70461
      -2.12398       7.71087
      -2.10998       7.71691
      -2.09698       7.72227
      -2.08398       7.72674
      -2.06998       7.73117
      -2.05698       7.73554
      -2.04298       7.73987
      -2.02998       7.74415
      -2.01598       7.74838
      -2.00298       7.75256
      -1.98898       7.75669
      -1.97598       7.76077
      -1.96298       7.76481
      -1.94898       7.76879
      -1.93598       7.77273
      -1.92198       7.77662
      -1.90898       7.78046
      -1.89498       7.78424
      -1.88198       7.78799
      -1.86798       7.79168
      -1.85498       7.79532
      -1.84198       7.79891
      -1.82798       7.80246
      -1.81498       7.80596
      -1.80098       7.80940
      -1.78798       7.81280
      -1.77398       7.81615
      -1.76098       7.81945
      -1.74698       7.82270
      -1.73398       7.82591
      -1.72098       7.82906
      -1.70698       7.83217
      -1.69398       7.83522
      -1.67998       7.83823
      -1.66698       7.84119
      -1.65298       7.84410
      -1.63998       7.84696
      -1.62598       7.84977
      -1.61298       7.85254
      -1.59998       7.85525
      -1.58598       7.85791
      -1.57298       7.86053
      -1.55898       7.86310
      -1.54598       7.86562
      -1.53198       7.86809
      -1.51898       7.87051
      -1.50598       7.87288
      -1.49198       7.87523
      -1.47898       7.87754
      -1.46498       7.87983
      -1.45198       7.88211
      -1.43798       7.88439
      -1.42498       7.88667
      -1.41098       7.88895
      -1.39798       7.89124
      -1.38498       7.89353
      -1.37098       7.89582
      -1.35798       7.89812
      -1.34398       7.90042
      -1.33098       7.90273
      -1.31698       7.90504
      -1.30398       7.90735
      -1.28998       7.90966
      -1.27698       7.91198
      -1.26398       7.91430
      -1.24998       7.91663
      -1.23698       7.91896
      -1.22298       7.92129
      -1.20998       7.92363
      -1.19598       7.92597
      -1.18298       7.92831
      -1.16898       7.93066
      -1.15598       7.93301
      -1.14298       7.93536
      -1.12898       7.93772
      -1.11598       7.94008
      -1.10198       7.94244
      -1.08898       7.94476
      -1.07498       7.94688
      -1.06198       7.94877
      -1.04798       7.95047
      -1.03498       7.95193
      -1.02198       7.95324
      -1.00798       7.95453
      -0.99498       7.95581
      -0.98098       7.95706
      -0.96798       7.95830
      -0.95398       7.95952
      -0.94098       7.96073
      -0.92798       7.96192
      -0.91398       7.96309
      -0.90098       7.96424
      -0.88698       7.96538
      -0.87398       7.96650
      -0.85998       7.96760
      -0.84698       7.96868
      -0.83298       7.96975
      -0.81998       7.97080
      -0.80698       7.97183
      -0.79298       7.97285
      -0.77998       7.97385
      -0.76598       7.97483
      -0.75298       7.97579
      -0.73898       7.97674
      -0.72598       7.97767
      -0.71198       7.97858
      -0.69898       7.97948
      -0.68598       7.98036
      -0.67198       7.98122
      -0.65898       7.98206
      -0.64498       7.98289
      -0.63198       7.98370
      -0.61798       7.98449
      -0.60498       7.98526
      -0.59098       7.98602
      -0.57798       7.98676
      -0.56498       7.98748
      -0.55098       7.98819
      -0.53798       7.98888
      -0.52398       7.98955
      -0.51098       7.99020
      -0.49698       7.99084
      -0.48398       7.99146
      -0.46998       7.99206
      -0.45698       7.99265
      -0.44398       7.99322
      -0.42998       7.99377
      -0.41698       7.99430
      -0.40298       7.99482
      -0.38998       7.99532
      -0.37598       7.99580
      -0.36298       7.99627
      -0.34998       7.99671
      -0.33598       7.99715
      -0.32298       7.99756
      -0.30898       7.99796
      -0.29598       7.99833
      -0.28198       7.99870
      -0.26898       7.99904
      -0.25498       7.99937
      -0.24198       7.99968
      -0.22898       7.99997
      -0.21498       8.00025
      -0.20198       8.00051
      -0.18798       8.00075
      -0.17498       8.00097
      -0.16098       8.00118
      -0.14798       8.00137
      -0.13398       8.00154
      -0.12098       8.00169
      -0.10798       8.00183
      -0.09398       8.00195
      -0.08098       8.00206
      -0.06698       8.00214
      -0.05398       8.00221
      -0.03998       8.00226
      -0.02698       8.00230
      -0.01298       8.00232
       0.00002       8.00232
       0.01302       8.00232
       0.02702       8.00232
       0.04002       8.00232
       0.05402       8.00233
       0.06702       8.00234
       0.08102       8.00238
       0.09402       8.00244
       0.10802       8.00251
       0.12102       8.00260
       0.13402       8.00271
       0.14802       8.00284
       0.16102       8.00299
       0.17502       8.00315
       0.18802       8.00334
       0.20202       8.00354
       0.21502       8.00376
       0.22802       8.00401
       0.24202       8.00426
       0.25502       8.00454
       0.26902       8.00484
       0.28202       8.00515
       0.29602       8.00549
       0.30902       8.00584
       0.32302       8.00621
       0.33602       8.00660
       0.34902       8.00700
       0.36302       8.00743
       0.37602       8.00787
       0.39002       8.00834
       0.40302       8.00882
       0.41702       8.00932
       0.43002       8.00984
       0.44402       8.01038
       0.45702       8.01093
       0.47002       8.01151
       0.48402       8.01210
       0.49702       8.01271
       0.51102       8.01334
       0.52402       8.01399
       0.53802       8.01466
       0.55102       8.01534
       0.56502       8.01605
       0.57802       8.01677
       0.59102       8.01751
       0.60502       8.01827
       0.61802       8.01905
       0.63202       8.01985
       0.64502       8.02066
       0.65902       8.02150
       0.67202       8.02235
       0.68602       8.02322
       0.69902       8.02411
       0.71202       8.02502
       0.72602       8.02595
       0.73902       8.02689
       0.75302       8.02786
       0.76602       8.02884
       0.78002       8.02984
       0.79302       8.03086
       0.80602       8.03190
       0.82002       8.03295
       0.83302       8.03403
       0.84702       8.03512
       0.86002       8.03624
       0.87402       8.03737
       0.88702       8.03852
       0.90102       8.03968
       0.91402       8.04087
       0.92702       8.04208
       0.94102       8.04330
       0.95402       8.04454
       0.96802       8.04580
       0.98102       8.04708
       0.99502       8.04838
       1.00802       8.04970
       1.02202       8.05103
       1.03502       8.05239
       1.04802       8.05385
       1.06202       8.05575
       1.07502       8.05815
       1.08902       8.06109
       1.10202       8.06440
       1.11602       8.06766
       1.12902       8.07085
       1.14302       8.07398
       1.15602       8.07705
       1.16902       8.08005
       1.18302       8.08299
       1.19602       8.08587
       1.21002       8.08868
       1.22302       8.09143
       1.23702       8.09412
       1.25002       8.09675
       1.26402       8.09931
       1.27702       8.10180
       1.29002       8.10424
       1.30402       8.10661
       1.31702       8.10894
       1.33102       8.11126
       1.34402       8.11363
       1.35802       8.11608
       1.37102       8.11860
       1.38502       8.12122
       1.39802       8.12391
       1.41102       8.12670
       1.42502       8.12956
       1.43802       8.13252
       1.45202       8.13555
       1.46502       8.13867
       1.47902       8.14188
       1.49202       8.14517
       1.50502       8.14855
       1.51902       8.15201
       1.53202       8.15555
       1.54602       8.15918
       1.55902       8.16290
       1.57302       8.16670
       1.58602       8.17058
       1.60002       8.17455
       1.61302       8.17860
       1.62602       8.18274
       1.64002       8.18697
       1.65302       8.19128
       1.66702       8.19567
       1.68002       8.20040
       1.69402       8.20611
       1.70702       8.21322
       1.72102       8.22177
       1.73402       8.23178
       1.74702       8.24322
       1.76102       8.25611
       1.77402       8.27018
       1.78802       8.28296
       1.80102       8.29257
       1.81502       8.30085
       1.82802       8.30936
       1.84202       8.31809
       1.85502       8.32704
       1.86802       8.33620
       1.88202       8.34559
       1.89502       8.35520
       1.90902       8.36399
       1.92202       8.37127
       1.93602       8.37794
       1.94902       8.38452
       1.96302       8.39101
       1.97602       8.39740
       1.98902       8.40370
       2.00302       8.40991
       2.01602       8.41603
       2.03002       8.42206
       2.04302       8.42799
       2.05702       8.43384
       2.07002       8.43960
       2.08302       8.44529
       2.09702       8.45091
       2.11002       8.45646
       2.12402       8.46195
       2.13702       8.46736
       2.15102       8.47271
       2.16402       8.47799
       2.17802       8.48321
       2.19102       8.48835
       2.20402       8.49344
       2.21802       8.49847
       2.23102       8.50345
       2.24502       8.50838
       2.25802       8.51327
       2.27202       8.51812
       2.28502       8.52293
       2.29902       8.52769
       2.31202       8.53240
       2.32502       8.53708
       2.33902       8.54170
       2.35202       8.54629
       2.36602       8.55083
       2.37902       8.55533
       2.39302       8.55978
       2.40602       8.56419
       2.42002       8.56856
       2.43302       8.57289
       2.44602       8.57721
       2.46002       8.58151
       2.47302       8.58579
       2.48702       8.59006
       2.50002       8.59432
       2.51402       8.59856
       2.52702       8.60278
       2.54102       8.60699
       2.55402       8.61118
       2.56702       8.61535
       2.58102       8.61951
       2.59402       8.62366
       2.60802       8.62779
       2.62102       8.63190
       2.63502       8.63600
       2.64802       8.64008
       2.66102       8.64414
       2.67502       8.64819
       2.68802       8.65223
       2.70202       8.65625
       2.71502       8.66025
       2.72902       8.66424
       2.74202       8.66821
       2.75602       8.67217
       2.76902       8.67611
       2.78202       8.68003
       2.79602       8.68394
       2.80902       8.68784
       2.82302       8.69171
       2.83602       8.69558
       2.85002       8.69942
       2.86302       8.70326
       2.87702       8.70707
       2.89002       8.71087
       2.90302       8.71465
       2.91702       8.71842
       2.93002       8.72218
       2.94402       8.72591
       2.95702       8.72964
       2.97102       8.73334
       2.98402       8.73703
       2.99802       8.74071
       3.01102       8.74437
       3.02402       8.74801
       3.03802       8.75164
       3.05102       8.75525
       3.06502       8.75885
       3.07802       8.76244
       3.09202       8.76602
       3.10502       8.76957
       3.11902       8.77312
       3.13202       8.77665
       3.14502       8.78017
       3.15902       8.78367
       3.17202       8.78717
       3.18602       8.79064
       3.19902       8.79411
       3.21302       8.79756
       3.22602       8.80100
       3.23902       8.80443
       3.25302       8.80784
       3.26602       8.81125
       3.28002       8.81464
       3.29302       8.81822
       3.30702       8.82221
       3.32002       8.82667
       3.33402       8.83159
       3.34702       8.83697
       3.36002       8.84281
       3.37402       8.84911
       3.38702       8.85588
       3.40102       8.86310
       3.41402       8.87079
       3.42802       8.87763
       3.44102       8.88341
       3.45502       8.88918
       3.46802       8.89496
       3.48102       8.90075
       3.49502       8.90658
       3.50802       8.91244
       3.52202       8.91834
       3.53502       8.92426
       3.54902       8.93023
       3.56202       8.93622
       3.57602       8.94226
       3.58902       8.94832
       3.60202       8.95442
       3.61602       8.96055
       3.62902       8.96672
       3.64302       8.97292
       3.65602       8.97916
       3.67002       8.98542
       3.68302       8.99173
       3.69702       8.99806
       3.71002       9.00443
       3.72302       9.01079
       3.73702       9.01710
       3.75002       9.02335
       3.76402       9.02955
       3.77702       9.03570
       3.79102       9.04179
       3.80402       9.04782
       3.81802       9.05380
       3.83102       9.05973
       3.84402       9.06560
       3.85802       9.07142
       3.87102       9.07724
       3.88502       9.08306
       3.89802       9.08889
       3.91202       9.09473
       3.92502       9.10058
       3.93802       9.10643
       3.95202       9.11230
       3.96502       9.11817
       3.97902       9.12405
       3.99202       9.12994
       4.00602       9.13584
       4.01902       9.14174
       4.03302       9.14766
       4.04602       9.15358
       4.05902       9.15951
       4.07302       9.16545
       4.08602       9.17149
       4.10002       9.17786
       4.11302       9.18469
       4.12702       9.19200
       4.14002       9.19977
       4.15402       9.20801
       4.16702       9.21673
       4.18002       9.22591
       4.19402       9.23556
       4.20702       9.24568
       4.22102       9.25627
       4.23402       9.26595
       4.24802       9.27453
       4.26102       9.28316
       4.27502       9.29183
       4.28802       9.30041
       4.30102       9.30891
       4.31502       9.31744
       4.32802       9.32600
       4.34202       9.33459
       4.35502       9.34321
       4.36902       9.35185
       4.38202       9.36053
       4.39602       9.36924
       4.40902       9.37798
       4.42202       9.38675
       4.43602       9.39555
       4.44902       9.40447
       4.46302       9.41375
       4.47602       9.42350
       4.49002       9.43373
       4.50302       9.44444
       4.51602       9.45563
       4.53002       9.46724
       4.54302       9.47926
       4.55702       9.49166
       4.57002       9.50446
       4.58402       9.51766
       4.59702       9.52993
       4.61102       9.54107
       4.62402       9.55220
       4.63702       9.56332
       4.65102       9.57443
       4.66402       9.58555
       4.67802       9.59671
       4.69102       9.60793
       4.70502       9.61921
       4.71802       9.63055
       4.73202       9.64196
       4.74502       9.65343
       4.75802       9.66496
       4.77202       9.67655
       4.78502       9.68820
       4.79902       9.69992
       4.81202       9.71169
       4.82602       9.72353
       4.83902       9.73543
       4.85302       9.74739
       4.86602       9.75942
       4.87902       9.77150
       4.89302       9.78362
       4.90602       9.79572
       4.92002       9.80780
       4.93302       9.81986
       4.94702       9.83190
       4.96002       9.84394
       4.97402       9.85596
       4.98702       9.86799
       5.00002       9.88000
       5.01402       9.89199
       5.02702       9.90396
       5.04102       9.91592
       5.05402       9.92790
       5.06802       9.93992
       5.08102       9.95197
       5.09402       9.96395
       5.10802       9.97584
       5.12102       9.98770
       5.13502       9.99959
       5.14802      10.01151
       5.16202      10.02350
       5.17502      10.03558
       5.18902      10.04773
       5.20202      10.05997
       5.21502      10.07228
       5.22902      10.08468
       5.24202      10.09716
       5.25602      10.10971
       5.26902      10.12235
       5.28302      10.13507
       5.29602      10.14787
       5.31002      10.16074
       5.32302      10.17370
       5.33602      10.18674
       5.35002      10.19986
       5.36302      10.21322
       5.37702      10.22703
       5.39002      10.24140
       5.40402      10.25631
       5.41702      10.27178
       5.43102      10.28779
       5.44402      10.30435
       5.45702      10.32146
       5.47102      10.33903
       5.48402      10.35702
       5.49802      10.37551
       5.51102      10.39310
       5.52502      10.40960
       5.53802      10.42622
       5.55202      10.44294
       5.56502      10.45973
       5.57802      10.47645
       5.59202      10.49300
       5.60502      10.50935
       5.61902      10.52550
       5.63202      10.54146
       5.64602      10.55722
       5.65902      10.57278
       5.67202      10.58814
       5.68602      10.60331
       5.69902      10.61828
       5.71302      10.63305
       5.72602      10.64763
       5.74002      10.66201
       5.75302      10.67620
       5.76702      10.69019
       5.78002      10.70400
       5.79302      10.71765
       5.80702      10.73110
       5.82002      10.74451
       5.83402      10.75816
       5.84702      10.77218
       5.86102      10.78657
       5.87402      10.80133
       5.88802      10.81646
       5.90102      10.83197
       5.91402      10.84784
       5.92802      10.86409
       5.94102      10.88072
       5.95502      10.89778
       5.96802      10.91391
       5.98202      10.92888
       5.99502      10.94348
       6.00902      10.95760
       6.02202      10.97174
       6.03502      10.98613
       6.04902      11.00077
       6.06202      11.01567
       6.07602      11.03083
       6.08902      11.04624
       6.10302      11.06191
       6.11602      11.07785
       6.13002      11.09404
       6.14302      11.11048
       6.15602      11.12719
       6.17002      11.14414
       6.18302      11.16136
       6.19702      11.17883
       6.21002      11.19659
       6.22402      11.21466
       6.23702      11.23307
       6.25102      11.25180
       6.26402      11.27079
       6.27702      11.28979
       6.29102      11.30833
       6.30402      11.32604
       6.31802      11.34282
       6.33102      11.35862
       6.34502      11.37388
       6.35802      11.38906
       6.37102      11.40407
       6.38502      11.41890
       6.39802      11.43366
       6.41202      11.44840
       6.42502      11.46313
       6.43902      11.47786
       6.45202      11.49259
       6.46602      11.50732
       6.47902      11.52204
       6.49202      11.53676
       6.50602      11.55147
       6.51902      11.56617
       6.53302      11.58088
       6.54602      11.59558
       6.56002      11.61028
       6.57302      11.62498
       6.58702      11.63967
       6.60002      11.65435
       6.61302      11.66903
       6.62702      11.68371
       6.64002      11.69838
       6.65402      11.71305
       6.66702      11.72779
       6.68102      11.74264
       6.69402      11.75763
       6.70802      11.77277
       6.72102      11.78804
       6.73402      11.80345
       6.74802      11.81900
       6.76102      11.83469
       6.77502      11.85052
       6.78802      11.86649
       6.80202      11.88258
       6.81502      11.89869
       6.82902      11.91466
       6.84202      11.93044
       6.85502      11.94622
       6.86902      11.96207
       6.88202      11.97792
       6.89602      11.99376
       6.90902      12.00957
       6.92302      12.02537
       6.93602      12.04116
       6.94902      12.05693
       6.96302      12.07269
       6.97602      12.08843
       6.99002      12.10416
       7.00302      12.11986
       7.01702      12.13556
       7.03002      12.15124
       7.04402      12.16690
       7.05702      12.18256
       7.07002      12.19819
       7.08402      12.21380
       7.09702      12.22977
       7.11102      12.24682
       7.12402      12.26532
       7.13802      12.28527
       7.15102      12.30669
       7.16502      12.32955
       7.17802      12.35387
       7.19102      12.37963
       7.20502      12.40683
       7.21802      12.43334
       7.23202      12.45650
       7.24502      12.47655
       7.25902      12.49528
       7.27202      12.51381
       7.28602      12.53215
       7.29902      12.55030
       7.31202      12.56828
       7.32602      12.58608
       7.33902      12.60369
       7.35302      12.62140
       7.36602      12.63926
       7.38002      12.65709
       7.39302      12.67488
       7.40702      12.69263
       7.42002      12.71034
       7.43302      12.72801
       7.44702      12.74595
       7.46002      12.76420
       7.47402      12.78245
       7.48702      12.80073
       7.50102      12.81928
       7.51402      12.83828
       7.52702      12.85814
       7.54102      12.87900
       7.55402      12.90063
       7.56802      12.92309
       7.58102      12.94645
       7.59502      12.97072
       7.60802      12.99588
       7.62202      13.02181
       7.63502      13.04700
       7.64802      13.07120
       7.66202      13.09553
       7.67502      13.11986
       7.68902      13.14409
       7.70202      13.16841
       7.71602      13.19312
       7.72902      13.21829
       7.74302      13.24393
       7.75602      13.27004
       7.76902      13.29662
       7.78302      13.32367
       7.79602      13.35119
       7.81002      13.37917
       7.82302      13.40751
       7.83702      13.43617
       7.85002      13.46514
       7.86402      13.49447
       7.87702      13.52426
       7.89002      13.55455
       7.90402      13.58515
       7.91702      13.61587
       7.93102      13.64660
       7.94402      13.67722
       7.95802      13.70783
       7.97102      13.73851
       7.98502      13.76916
       7.99802      13.79965
       8.01102      13.82992
       8.02502      13.85993
       8.03802      13.88977
       8.05202      13.91954
       8.06502      13.94930
       8.07902      13.97912
       8.09202      14.00892
       8.10502      14.03879
       8.11902      14.06897
       8.13202      14.09960
       8.14602      14.13078
       8.15902      14.16249
       8.17302      14.19473
       8.18602      14.22750
       8.20002      14.26088
       8.21302      14.29494
       8.22602      14.32833
       8.24002      14.36089
       8.25302      14.39377
       8.26702      14.42695
       8.28002      14.46043
       8.29402      14.49417
       8.30702      14.52810
       8.32102      14.56251
       8.33402      14.59769
       8.34702      14.63366
       8.36102      14.67044
       8.37402      14.70803
       8.38802      14.74641
       8.40102      14.78549
       8.41502      14.82452
       8.42802      14.86275
       8.44202      14.90016
       8.45502      14.93703
       8.46802      14.97378
       8.48202      15.01041
       8.49502      15.04619
       8.50902      15.08157
       8.52202      15.11755
       8.53602      15.15413
       8.54902      15.19159
       8.56302      15.23024
       8.57602      15.27049
       8.58902      15.31243
       8.60302      15.35482
       8.61602      15.39641
       8.63002      15.43689
       8.64302      15.47623
       8.65702      15.51387
       8.67002      15.54928
       8.68302      15.58234
       8.69702      15.61306
       8.71002      15.64210
       8.72402      15.67076
       8.73702      15.69977
       8.75102      15.72914
       8.76402      15.75887
       8.77802      15.78893
       8.79102      15.81926
       8.80402      15.84980
       8.81802      15.88042
       8.83102      15.91086
       8.84502      15.94104
       8.85802      15.97100
       8.87202      16.00080
       8.88502      16.03046
       8.89902      16.06000
       8.91202      16.08941
       8.92502      16.11871
       8.93902      16.14789
       8.95202      16.17694
       8.96602      16.20587
       8.97902      16.23469
       8.99302      16.26338
       9.00602      16.29195
       9.02002      16.32041
       9.03302      16.34875
       9.04602      16.37697
       9.06002      16.40508
       9.07302      16.43306
       9.08702      16.46091
       9.10002      16.48862
       9.11402      16.51622
       9.12702      16.54370
       9.14102      16.57153
       9.15402      16.60020
       9.16702      16.62929
       9.18102      16.65837
       9.19402      16.68928
       9.20802      16.72214
       9.22102      16.75527
       9.23502      16.78867
       9.24802      16.82234
       9.26202      16.85624
       9.27502      16.89038
       9.28802      16.92480
       9.30202      16.95947
       9.31502      16.99439
       9.32902      17.02959
       9.34202      17.06503
       9.35602      17.09907
       9.36902      17.13086
       9.38202      17.16196
       9.39602      17.19323
       9.40902      17.22468
       9.42302      17.25618
       9.43602      17.28763
       9.45002      17.31903
       9.46302      17.35037
       9.47702      17.38165
       9.49002      17.41288
       9.50302      17.44404
       9.51702      17.47512
       9.53002      17.50613
       9.54402      17.53707
       9.55702      17.56792
       9.57102      17.59868
       9.58402      17.62925
       9.59802      17.65957
       9.61102      17.68963
       9.62402      17.71942
       9.63802      17.74899
       9.65102      17.77832
       9.66502      17.80739
       9.67802      17.83620
       9.69202      17.86484
       9.70502      17.89333
       9.71902      17.92170
       9.73202      17.94996
       9.74502      17.97811
       9.75902      18.00615
       9.77202      18.03408
       9.78602      18.06190
       9.79902      18.08963
       9.81302      18.11725
       9.82602      18.14477
       9.84002      18.17217
       9.85302      18.19947
       9.86602      18.22666
       9.88002      18.25371
       9.89302      18.28062
       9.90702      18.30737
       9.92002      18.33398
       9.93402      18.36044
       9.94702      18.38676
       9.96002      18.41294
       9.97402      18.43897
       9.98702      18.46487
      10.00102      18.49065
      10.01402      18.51632
      10.02802      18.54190
      10.04102      18.56741
      10.05502      18.59289
      10.06802      18.61837
      10.08102      18.64389
      10.09502      18.66954
      10.10802      18.69548
      10.12202      18.72178
      10.13502      18.74842
      10.14902      18.77543
      10.16202      18.80278
      10.17602      18.83041
      10.18902      18.85829
      10.20202      18.88651
      10.21602      18.91508
      10.22902      18.94402
      10.24302      18.97331
      10.25602      19.00296
      10.27002      19.03295
      10.28302      19.06318
      10.29702      19.09365
      10.31002      19.12435
      10.32302      19.15529
      10.33702      19.18647
      10.35002      19.21789
      10.36402      19.24954
      10.37702      19.28143
      10.39102      19.31356
      10.40402      19.34593
      10.41802      19.37853
      10.43102      19.41138
      10.44402      19.44470
      10.45802      19.47871
      10.47102      19.51342
      10.48502      19.54883
      10.49802      19.58493
      10.51202      19.62174
      10.52502      19.65924
      10.53802      19.69745
      10.55202      19.73636
      10.56502      19.77598
      10.57902      19.81123
      10.59202      19.84173
      10.60602      19.87221
      10.61902      19.90292
      10.63302      19.93407
      10.64602      19.96570
      10.65902      19.99807
      10.67302      20.03104
      10.68602      20.06448
      10.70002      20.09849
      10.71302      20.13306
      10.72702      20.16816
      10.74002      20.20367
      10.75402      20.23952
      10.76702      20.27579
      10.78002      20.31255
      10.79402      20.35015
      10.80702      20.38887
      10.82102      20.42871
      10.83402      20.46966
      10.84802      20.50857
      10.86102      20.54341
      10.87502      20.57577
      10.88802      20.60743
      10.90102      20.63968
      10.91502      20.67255
      10.92802      20.70604
      10.94202      20.74016
      10.95502      20.77494
      10.96902      20.81052
      10.98202      20.84705
      10.99602      20.88446
      11.00902      20.92199
      11.02202      20.95896
      11.03602      20.99537
      11.04902      21.03120
      11.06302      21.06648
      11.07602      21.10160
      11.09002      21.13655
      11.10302      21.17164
      11.11602      21.20826
      11.13002      21.24558
      11.14302      21.28214
      11.15702      21.31793
      11.17002      21.35298
      11.18402      21.38727
      11.19702      21.42082
      11.21102      21.45362
      11.22402      21.48557
      11.23702      21.51647
      11.25102      21.54653
      11.26402      21.57621
      11.27802      21.60568
      11.29102      21.63540
      11.30502      21.66697
      11.31802      21.70077
      11.33202      21.73564
      11.34502      21.77014
      11.35802      21.80307
      11.37202      21.83444
      11.38502      21.86916
      11.39902      21.90700
      11.41202      21.94304
      11.42602      21.97752
      11.43902      22.01073
      11.45302      22.04288
      11.46602      22.07396
      11.47902      22.10447
      11.49302      22.13496
      11.50602      22.16552
      11.52002      22.19613
      11.53302      22.22681
      11.54702      22.25757
      11.56002      22.28841
      11.57402      22.31935
      11.58702      22.35038
      11.60002      22.38180
      11.61402      22.41362
      11.62702      22.44582
      11.64102      22.47872
      11.65402      22.51199
      11.66802      22.54528
      11.68102      22.57855
      11.69502      22.61177
      11.70802      22.64495
      11.72102      22.67799
      11.73502      22.71074
      11.74802      22.74322
      11.76202      22.77544
      11.77502      22.80736
      11.78902      22.83909
      11.80202      22.87075
      11.81502      22.90237
      11.82902      22.93397
      11.84202      22.96557
      11.85602      22.99717
      11.86902      23.02877
      11.88302      23.06038
      11.89602      23.09197
      11.91002      23.12356
      11.92302      23.15516
      11.93602      23.18676
      11.95002      23.21839
      11.96302      23.25006
      11.97702      23.28176
      11.99002      23.31409
      12.00402      23.34809
      12.01702      23.38649
      12.03102      23.42787
      12.04402      23.46824
      12.05702      23.50727
      12.07102      23.54614
      12.08402      23.58463
      12.09802      23.62165
      12.11102      23.65754
      12.12502      23.69230
      12.13802      23.72593
      12.15202      23.75875
      12.16502      23.79179
      12.17802      23.82543
      12.19202      23.85868
      12.20502      23.89098
      12.21902      23.92247
      12.23202      23.95353
      12.24602      23.98732
      12.25902      24.02264
      12.27302      24.05873
      12.28602      24.09485
      12.29902      24.12763
      12.31302      24.16082
      12.32602      24.19423
      12.34002      24.22497
      12.35302      24.25468
      12.36702      24.28450
      12.38002      24.31475
      12.39302      24.34552
      12.40702      24.37689
      12.42002      24.40920
      12.43402      24.44198
      12.44702      24.47474
      12.46102      24.50750
      12.47402      24.54025
      12.48802      24.57299
      12.50102      24.60572
      12.51402      24.63844
      12.52802      24.67116
      12.54102      24.70395
      12.55502      24.73678
      12.56802      24.76950
      12.58202      24.80244
      12.59502      24.83567
      12.60902      24.86911
      12.62202      24.90292
      12.63502      24.93730
      12.64902      24.97209
      12.66202      25.00667
      12.67602      25.04076
      12.68902      25.07436
      12.70302      25.10769
      12.71602      25.14068
      12.73002      25.17300
      12.74302      25.20461
      12.75602      25.23556
      12.77002      25.26606
      12.78302      25.29643
      12.79702      25.32697
      12.81002      25.35800
      12.82402      25.38990
      12.83702      25.42299
      12.85102      25.45741
      12.86402      25.49347
      12.87702      25.53006
      12.89102      25.56663
      12.90402      25.60279
      12.91802      25.63827
      12.93102      25.67277
      12.94502      25.70608
      12.95802      25.73928
      12.97102      25.77255
      12.98502      25.80622
      12.99802      25.84046
      13.01202      25.87529
      13.02502      25.91075
      13.03902      25.94683
      13.05202      25.98338
      13.06602      26.02004
      13.07902      26.05649
      13.09202      26.09260
      13.10602      26.12839
      13.11902      26.16390
      13.13302      26.19978
      13.14602      26.23631
      13.16002      26.27366
      13.17302      26.31196
      13.18702      26.35153
      13.20002      26.39266
      13.21302      26.43520
      13.22702      26.48043
      13.24002      26.52857
      13.25402      26.57725
      13.26702      26.62605
      13.28102      26.67388
      13.29402      26.71954
      13.30802      26.76551
      13.32102      26.81279
      13.33402      26.86094
      13.34802      26.91111
      13.36102      26.96323
      13.37502      27.01592
      13.38802      27.06757
      13.40202      27.11590
      13.41502      27.16039
      13.42902      27.20051
      13.44202      27.23646
      13.45502      27.27034
      13.46902      27.30340
      13.48202      27.33590
      13.49602      27.36782
      13.50902      27.39918
      13.52302      27.42996
      13.53602      27.46024
      13.54902      27.49012
      13.56302      27.51963
      13.57602      27.54860
      13.59002      27.57680
      13.60302      27.60416
      13.61702      27.63070
      13.63002      27.65631
      13.64402      27.68080
      13.65702      27.70436
      13.67002      27.72701
      13.68402      27.74854
      13.69702      27.76967
      13.71102      27.79125
      13.72402      27.81333
      13.73802      27.83592
      13.75102      27.85901
      13.76502      27.88259
      13.77802      27.90591
      13.79102      27.92889
      13.80502      27.95146
      13.81802      27.97355
      13.83202      27.99589
      13.84502      28.01791
      13.85902      28.03973
      13.87202      28.06209
      13.88602      28.08501
      13.89902      28.10852
      13.91202      28.13263
      13.92602      28.15732
      13.93902      28.18260
      13.95302      28.20845
      13.96602      28.23485
      13.98002      28.26181
      13.99302      28.28943
      14.00702      28.31780
      14.02002      28.34695
      14.03302      28.37673
      14.04702      28.40676
      14.06002      28.43652
      14.07402      28.46578
      14.08702      28.49487
      14.10102      28.52439
      14.11402      28.55466
      14.12802      28.58571
      14.14102      28.61752
      14.15402      28.65010
      14.16802      28.68343
      14.18102      28.71806
      14.19502      28.75660
      14.20802      28.79880
      14.22202      28.84815
      14.23502      28.89705
      14.24802      28.94185
      14.26202      28.99207
      14.27502      29.04391
      14.28902      29.09172
      14.30202      29.13577
      14.31602      29.17871
      14.32902      29.22163
      14.34302      29.26566
      14.35602      29.31084
      14.36902      29.35671
      14.38302      29.40254
      14.39602      29.44741
      14.41002      29.49043
      14.42302      29.53095
      14.43702      29.56906
      14.45002      29.60532
      14.46402      29.64014
      14.47702      29.67351
      14.49002      29.70543
      14.50402      29.73590
      14.51702      29.76504
      14.53102      29.79314
      14.54402      29.82070
      14.55802      29.84809
      14.57102      29.87533
      14.58502      29.90244
      14.59802      29.92919
      14.61102      29.95550
      14.62502      29.98135
      14.63802      30.00673
      14.65202      30.03184
      14.66502      30.05646
      14.67902      30.08058
      14.69202      30.10441
      14.70602      30.12795
      14.71902      30.15119
      14.73202      30.17415
      14.74602      30.19682
      14.75902      30.21922
      14.77302      30.24140
      14.78602      30.26356
      14.80002      30.28588
      14.81302      30.30855
      14.82602      30.33157
      14.84002      30.35485
      14.85302      30.37832
      14.86702      30.40200
      14.88002      30.42594
      14.89402      30.45020
      14.90702      30.47490
      14.92102      30.50014
      14.93402      30.52594
      14.94702      30.55235
      14.96102      30.57928
      14.97402      30.60598
      14.98802      30.63163
      15.00102      30.65636
      15.01502      30.68037
      15.02802      30.70306
      15.04202      30.72452
      15.05502      30.74493
      15.06802      30.76427
      15.08202      30.78283
      15.09502      30.80048
      15.10902      30.81745
      15.12202      30.83426
      15.13602      30.85090
      15.14902      30.86738
      15.16302      30.88372
      15.17602      30.89992
      15.18902      30.91598
      15.20302      30.93189
      15.21602      30.94767
      15.23002      30.96331
      15.24302      30.97883
      15.25702      30.99425
      15.27002      31.00956
      15.28402      31.02477
      15.29702      31.03989
      15.31002      31.05494
      15.32402      31.06992
      15.33702      31.08627
      15.35102      31.10690
      15.36402      31.13282
      15.37802      31.16456
      15.39102      31.18997
      15.40402      31.20434
      15.41802      31.21798
      15.43102      31.23288
      15.44502      31.24904
      15.45802      31.26644
      15.47202      31.28524
      15.48502      31.30526
      15.49902      31.32497
      15.51202      31.34256
      15.52502      31.35747
      15.53902      31.36975
      15.55202      31.38080
      15.56602      31.39195
      15.57902      31.40321
      15.59302      31.41458
      15.60602      31.42605
      15.62002      31.43763
      15.63302      31.44943
      15.64602      31.46174
      15.66002      31.47485
      15.67302      31.48882
      15.68702      31.50327
      15.70002      31.51789
      15.71402      31.53236
      15.72702      31.54640
      15.74102      31.55988
      15.75402      31.57260
      15.76702      31.58450
      15.78102      31.59575
      15.79402      31.60659
      15.80802      31.61713
      15.82102      31.62750
      15.83502      31.63783
      15.84802      31.64824
      15.86202      31.65889
      15.87502      31.66979
      15.88802      31.68097
      15.90202      31.69256
      15.91502      31.70469
      15.92902      31.71720
      15.94202      31.72961
      15.95602      31.74143
      15.96902      31.75256
      15.98202      31.76312
      15.99602      31.77314
      16.00902      31.78246
      16.02302      31.79117
      16.03602      31.79963
      16.05002      31.80810
      16.06302      31.81670
      16.07702      31.82544
      16.09002      31.83433
      16.10302      31.84323
      16.11702      31.85200
      16.13002      31.86044
      16.14402      31.86833
      16.15702      31.87547
      16.17102      31.88162
      16.18402      31.88674
      16.19802      31.89098
      16.21102      31.89462
      16.22402      31.89798
      16.23802      31.90127
      16.25102      31.90450
      16.26502      31.90769
      16.27802      31.91083
      16.29202      31.91392
      16.30502      31.91696
      16.31902      31.91995
      16.33202      31.92289
      16.34502      31.92578
      16.35902      31.92862
      16.37202      31.93141
      16.38602      31.93415
      16.39902      31.93684
      16.41302      31.93948
      16.42602      31.94207
      16.44002      31.94461
      16.45302      31.94710
      16.46602      31.94954
      16.48002      31.95193
      16.49302      31.95427
      16.50702      31.95656
      16.52002      31.95880
      16.53402      31.96099
      16.54702      31.96313
      16.56002      31.96522
      16.57402      31.96726
      16.58702      31.96925
      16.60102      31.97119
      16.61402      31.97308
      16.62802      31.97492
      16.64102      31.97671
      16.65502      31.97846
      16.66802      31.98015
      16.68102      31.98179
      16.69502      31.98338
      16.70802      31.98492
      16.72202      31.98641
      16.73502      31.98785
      16.74902      31.98925
      16.76202      31.99059
      16.77602      31.99188
      16.78902      31.99312
      16.80202      31.99431
      16.81602      31.99546
      16.82902      31.99655
      16.84302      31.99759
      16.85602      31.99858
      16.87002      31.99952
      16.88302      32.00042
      16.89702      32.00126
      16.91002      32.00205
      16.92302      32.00279
      16.93702      32.00349
      16.95002      32.00413
      16.96402      32.00472
      16.97702      32.00527
      16.99102      32.00576
      17.00402      32.00620
      17.01802      32.00659
      17.03102      32.00694
      17.04402      32.00723
      17.05802      32.00747
      17.07102      32.00767
      17.08502      32.00781
      17.09802      32.00791
      17.11202      32.00796
      17.12502      32.00798
      17.13902      32.00798
      17.15202      32.00798
      17.16502      32.00798
      17.17902      32.00798
      17.19202      32.00798
      17.20602      32.00798
      17.21902      32.00798
      17.23302      32.00798
      17.24602      32.00798
      17.25902      32.00798
      17.27302      32.00798
      17.28602      32.00798
      17.30002      32.00798
      17.31302      32.00798
      17.32702      32.00798
      17.34002      32.00798
      17.35402      32.00798
      17.36702      32.00798
      17.38002      32.00798
      17.39402      32.00798
      17.40702      32.00798
      17.42102      32.00798
      17.43402      32.00798
      17.44802      32.00798
      17.46102      32.00798
      17.47502      32.00798
      17.48802      32.00798
      17.50102      32.00798
      17.51502      32.00798
      17.52802      32.00798
      17.54202      32.00798
      17.55502      32.00798
      17.56902      32.00798
      17.58202      32.00798
      17.59602      32.00798
      17.60902      32.00798
      17.62202      32.00798
      17.63602      32.00798
      17.64902      32.00798
      17.66302      32.00798
      17.67602      32.00798
      17.69002      32.00798
      17.70302      32.00798
      17.71702      32.00798
      17.73002      32.00798
      17.74302      32.00798
      17.75702      32.00798
      17.77002      32.00798
      17.78402      32.00798
      17.79702      32.00798
      17.81102      32.00798
      17.82402      32.00798
      17.83702      32.00798
      17.85102      32.00798
      17.86402      32.00798
      17.87802      32.00798
      17.89102      32.00798
      17.90502      32.00798
      17.91802      32.00798
      17.93202      32.00798
      17.94502      32.00798
      17.95802      32.00798
      17.97202      32.00798
      17.98502      32.00798
      17.99902      32.00798
      18.01202      32.00798
      18.02602      32.00798
      18.03902      32.00798
      18.05302      32.00798
      18.06602      32.00798
      18.07902      32.00798
      18.09302      32.00798
      18.10602      32.00798
      18.12002      32.00798
      18.13302      32.00798
      18.14702      32.00798
      18.16002      32.00798
      18.17402      32.00798
      18.18702      32.00798
      18.20002      32.00798
      18.21402      32.00798
      18.22702      32.00798
      18.24102      32.00798
      18.25402      32.00798
      18.26802      32.00798
      18.28102      32.00798
      18.29502      32.00798
      18.30802      32.00798
      18.32102      32.00798
      18.33502      32.00798
      18.34802      32.00798
      18.36202      32.00798
      18.37502      32.00798
      18.38902      32.00798
      18.40202      32.00798
      18.41502      32.00798
      18.42902      32.00798
      18.44202      32.00798
      18.45602      32.00798
      18.46902      32.00798
      18.48302      32.00798
      18.49602      32.00798
      18.51002      32.00798
      18.52302      32.00798
      18.53602      32.00798
      18.55002      32.00798
      18.56302      32.00798
      18.57702      32.00798
      18.59002      32.00798
      18.60402      32.00798
      18.61702      32.00798
      18.63102      32.00798
      18.64402      32.00798
      18.65702      32.00798
      18.67102      32.00798
      18.68402      32.00798
      18.69802      32.00798
      18.71102      32.00798
      18.72502      32.00798
      18.73802      32.00798
      18.75202      32.00798
      18.76502      32.00798
      18.77802      32.00798
      18.79202      32.00798
      18.80502      32.00798
      18.81902      32.00798
      18.83202      32.00798
      18.84602      32.00798
      18.85902      32.00798
      18.87302      32.00798
      18.88602      32.00798
      18.89902      32.00798
      18.91302      32.00798
      18.92602      32.00798
      18.94002      32.00798
      18.95302      32.00798
      18.96702      32.00798
