      #Energy        TDOS
     -21.34598       0.00000
     -21.33198       0.00000
     -21.31898       0.00000
     -21.30598       0.00000
     -21.29198       0.00000
     -21.27898       0.00000
     -21.26498       0.00000
     -21.25198       0.00000
     -21.23798       0.00000
     -21.22498       0.00000
     -21.21098       0.00000
     -21.19798       0.00000
     -21.18498       0.00000
     -21.17098       0.00000
     -21.15798       0.00000
     -21.14398       0.00000
     -21.13098       0.00000
     -21.11698       0.00000
     -21.10398       0.00000
     -21.08998       0.00000
     -21.07698       0.00000
     -21.06398       0.00000
     -21.04998       0.00000
     -21.03698       0.00000
     -21.02298       0.00000
     -21.00998       0.00000
     -20.99598       0.00000
     -20.98298       0.00000
     -20.96998       0.00000
     -20.95598       0.00000
     -20.94298       0.00000
     -20.92898       0.00000
     -20.91598       0.00000
     -20.90198       0.00000
     -20.88898       0.00000
     -20.87498       0.00000
     -20.86198       0.00000
     -20.84898       0.00000
     -20.83498       0.00000
     -20.82198       0.00000
     -20.80798       0.00000
     -20.79498       0.00000
     -20.78098       0.00000
     -20.76798       0.00000
     -20.75398       0.00000
     -20.74098       0.00000
     -20.72798       0.00000
     -20.71398       0.00000
     -20.70098       0.00000
     -20.68698       0.00000
     -20.67398       0.00000
     -20.65998       0.00000
     -20.64698       0.00000
     -20.63298       0.00000
     -20.61998       0.00000
     -20.60698       0.00000
     -20.59298       0.00000
     -20.57998       0.00000
     -20.56598       0.00000
     -20.55298       0.00000
     -20.53898       0.00000
     -20.52598       0.00000
     -20.51198       0.00000
     -20.49898       0.00000
     -20.48598       0.00000
     -20.47198       0.00000
     -20.45898       0.00000
     -20.44498       0.00000
     -20.43198       0.00000
     -20.41798       0.00000
     -20.40498       0.00000
     -20.39198       0.00000
     -20.37798       0.00000
     -20.36498       0.00000
     -20.35098       0.00000
     -20.33798       0.00000
     -20.32398       0.00000
     -20.31098       0.00000
     -20.29698       0.00000
     -20.28398       0.00000
     -20.27098       0.00000
     -20.25698       0.00000
     -20.24398       0.00000
     -20.22998       0.00000
     -20.21698       0.00000
     -20.20298       0.00000
     -20.18998       0.00000
     -20.17598       0.00000
     -20.16298       0.00000
     -20.14998       0.00000
     -20.13598       0.00000
     -20.12298       0.00000
     -20.10898       0.00000
     -20.09598       0.00000
     -20.08198       0.00000
     -20.06898       0.00000
     -20.05498       0.00000
     -20.04198       0.00000
     -20.02898       0.00000
     -20.01498       0.00000
     -20.00198       0.00000
     -19.98798       0.00000
     -19.97498       0.00000
     -19.96098       0.00000
     -19.94798       0.00000
     -19.93398       0.00000
     -19.92098       0.00000
     -19.90798       0.00000
     -19.89398       0.00000
     -19.88098       0.00000
     -19.86698       0.00000
     -19.85398       0.00000
     -19.83998       0.00000
     -19.82698       0.00000
     -19.81298       0.00000
     -19.79998       0.00000
     -19.78698       0.00000
     -19.77298       0.00000
     -19.75998       0.00000
     -19.74598       0.00000
     -19.73298       0.00000
     -19.71898       0.00000
     -19.70598       0.00000
     -19.69298       0.00000
     -19.67898       0.00000
     -19.66598       0.00000
     -19.65198       0.00000
     -19.63898       0.00000
     -19.62498       0.00000
     -19.61198       0.00000
     -19.59798       0.00000
     -19.58498       0.00000
     -19.57198       0.00000
     -19.55798       0.00000
     -19.54498       0.00000
     -19.53098       0.00000
     -19.51798       0.00000
     -19.50398       0.04415
     -19.49098       0.10890
     -19.47698       0.17360
     -19.46398       0.23840
     -19.45098       0.30310
     -19.43698       0.36790
     -19.42398       0.43260
     -19.40998       0.49740
     -19.39698       0.25850
     -19.38298       0.26390
     -19.36998       0.26930
     -19.35598       0.27480
     -19.34298       0.28020
     -19.32998       0.28560
     -19.31598       0.29100
     -19.30298       0.29650
     -19.28898       0.30190
     -19.27598       0.30730
     -19.26198       0.31270
     -19.24898       0.31820
     -19.23498       0.32360
     -19.22198       0.32900
     -19.20898       0.33440
     -19.19498       0.33720
     -19.18198       0.33050
     -19.16798       0.32390
     -19.15498       0.31720
     -19.14098       0.31050
     -19.12798       0.30390
     -19.11498       0.29720
     -19.10098       0.29050
     -19.08798       0.28750
     -19.07398       0.28940
     -19.06098       0.29130
     -19.04698       0.29330
     -19.03398       0.29520
     -19.01998       0.29710
     -19.00698       0.29900
     -18.99398       0.30100
     -18.97998       0.30290
     -18.96698       0.30480
     -18.95298       0.30670
     -18.93998       0.30860
     -18.92598       0.31060
     -18.91298       0.31250
     -18.89898       0.31440
     -18.88598       0.31630
     -18.87298       0.31830
     -18.85898       0.32020
     -18.84598       0.32210
     -18.83198       0.32400
     -18.81898       0.32590
     -18.80498       0.32790
     -18.79198       0.32980
     -18.77798       0.31540
     -18.76498       0.30630
     -18.75198       0.30590
     -18.73798       0.30550
     -18.72498       0.30520
     -18.71098       0.30480
     -18.69798       0.30440
     -18.68398       0.30400
     -18.67098       0.30370
     -18.65698       0.30330
     -18.64398       0.30290
     -18.63098       0.30250
     -18.61698       0.30220
     -18.60398       0.30180
     -18.58998       0.30140
     -18.57698       0.30100
     -18.56298       0.30140
     -18.54998       0.30240
     -18.53698       0.30340
     -18.52298       0.30440
     -18.50998       0.30540
     -18.49598       0.30640
     -18.48298       0.30740
     -18.46898       0.30840
     -18.45598       0.30940
     -18.44198       0.31040
     -18.42898       0.31140
     -18.41598       0.31240
     -18.40198       0.31340
     -18.38898       0.31440
     -18.37498       0.31530
     -18.36198       0.31630
     -18.34798       0.31730
     -18.33498       0.31830
     -18.32098       0.31930
     -18.30798       0.32030
     -18.29498       0.32130
     -18.28098       0.32230
     -18.26798       0.32330
     -18.25398       0.32300
     -18.24098       0.32060
     -18.22698       0.31820
     -18.21398       0.31580
     -18.19998       0.31340
     -18.18698       0.31100
     -18.17398       0.30860
     -18.15998       0.30620
     -18.14698       0.30550
     -18.13298       0.30570
     -18.11998       0.30600
     -18.10598       0.30620
     -18.09298       0.30640
     -18.07898       0.30660
     -18.06598       0.30680
     -18.05298       0.30710
     -18.03898       0.30730
     -18.02598       0.30750
     -18.01198       0.30770
     -17.99898       0.30790
     -17.98498       0.30820
     -17.97198       0.30840
     -17.95898       0.30860
     -17.94498       0.30880
     -17.93198       0.30910
     -17.91798       0.30930
     -17.90498       0.30950
     -17.89098       0.30970
     -17.87798       0.30990
     -17.86398       0.31020
     -17.85098       0.31040
     -17.83798       0.31080
     -17.82398       0.31150
     -17.81098       0.31210
     -17.79698       0.31270
     -17.78398       0.31330
     -17.76998       0.31390
     -17.75698       0.31460
     -17.74298       0.31520
     -17.72998       0.31580
     -17.71698       0.31640
     -17.70298       0.31700
     -17.68998       0.31770
     -17.67598       0.31830
     -17.66298       0.31890
     -17.64898       0.31950
     -17.63598       0.32010
     -17.62198       0.32080
     -17.60898       0.32140
     -17.59598       0.32200
     -17.58198       0.32260
     -17.56898       0.32320
     -17.55498       0.32380
     -17.54198       0.32160
     -17.52798       0.31610
     -17.51498       0.31570
     -17.50098       0.31530
     -17.48798       0.31500
     -17.47498       0.31460
     -17.46098       0.31420
     -17.44798       0.31390
     -17.43398       0.31350
     -17.42098       0.31310
     -17.40698       0.31280
     -17.39398       0.31240
     -17.37998       0.31200
     -17.36698       0.31170
     -17.35398       0.31130
     -17.33998       0.31090
     -17.32698       0.31090
     -17.31298       0.31110
     -17.29998       0.31140
     -17.28598       0.31170
     -17.27298       0.31200
     -17.25998       0.31230
     -17.24598       0.31260
     -17.23298       0.31280
     -17.21898       0.31310
     -17.20598       0.31340
     -17.19198       0.31370
     -17.17898       0.31400
     -17.16498       0.31430
     -17.15198       0.31460
     -17.13898       0.31490
     -17.12498       0.31520
     -17.11198       0.31540
     -17.09798       0.31570
     -17.08498       0.31600
     -17.07098       0.31630
     -17.05798       0.31660
     -17.04398       0.31690
     -17.03098       0.31720
     -17.01798       0.31750
     -17.00398       0.31770
     -16.99098       0.31800
     -16.97698       0.31830
     -16.96398       0.31860
     -16.94998       0.31890
     -16.93698       0.31920
     -16.92298       0.31950
     -16.90998       0.31990
     -16.89698       0.32040
     -16.88298       0.32080
     -16.86998       0.32130
     -16.85598       0.32170
     -16.84298       0.32210
     -16.82898       0.32260
     -16.81598       0.32300
     -16.80198       0.32350
     -16.78898       0.32390
     -16.77598       0.32440
     -16.76198       0.32480
     -16.74898       0.32530
     -16.73498       0.32570
     -16.72198       0.32570
     -16.70798       0.32510
     -16.69498       0.32410
     -16.68198       0.32320
     -16.66798       0.32220
     -16.65498       0.32130
     -16.64098       0.32040
     -16.62798       0.31950
     -16.61398       0.31910
     -16.60098       0.31910
     -16.58698       0.31920
     -16.57398       0.31920
     -16.56098       0.31930
     -16.54698       0.31930
     -16.53398       0.31940
     -16.51998       0.31940
     -16.50698       0.31950
     -16.49298       0.31960
     -16.47998       0.31960
     -16.46598       0.31970
     -16.45298       0.31970
     -16.43998       0.31980
     -16.42598       0.31980
     -16.41298       0.31990
     -16.39898       0.31990
     -16.38598       0.32000
     -16.37198       0.32010
     -16.35898       0.32010
     -16.34498       0.32020
     -16.33198       0.32020
     -16.31898       0.32040
     -16.30498       0.32060
     -16.29198       0.32090
     -16.27798       0.32120
     -16.26498       0.32150
     -16.25098       0.32190
     -16.23798       0.32220
     -16.22398       0.32250
     -16.21098       0.32280
     -16.19798       0.32310
     -16.18398       0.32340
     -16.17098       0.32370
     -16.15698       0.32410
     -16.14398       0.32440
     -16.12998       0.32470
     -16.11698       0.32500
     -16.10398       0.32530
     -16.08998       0.32560
     -16.07698       0.32590
     -16.06298       0.32620
     -16.04998       0.32660
     -16.03598       0.32690
     -16.02298       0.32720
     -16.00898       0.32750
     -15.99598       0.32780
     -15.98298       0.32810
     -15.96898       0.32840
     -15.95598       0.32870
     -15.94198       0.32910
     -15.92898       0.32940
     -15.91498       0.32970
     -15.90198       0.33000
     -15.88798       0.33030
     -15.87498       0.33060
     -15.86198       0.33090
     -15.84798       0.33120
     -15.83498       0.33160
     -15.82098       0.33190
     -15.80798       0.33230
     -15.79398       0.33270
     -15.78098       0.33320
     -15.76698       0.33360
     -15.75398       0.33400
     -15.74098       0.33380
     -15.72698       0.33340
     -15.71398       0.33270
     -15.69998       0.33190
     -15.68698       0.33200
     -15.67298       0.33200
     -15.65998       0.33210
     -15.64598       0.33220
     -15.63298       0.33220
     -15.61998       0.33230
     -15.60598       0.33240
     -15.59298       0.33240
     -15.57898       0.33250
     -15.56598       0.33260
     -15.55198       0.33260
     -15.53898       0.33270
     -15.52598       0.33300
     -15.51198       0.33330
     -15.49898       0.33370
     -15.48498       0.33410
     -15.47198       0.33450
     -15.45798       0.33490
     -15.44498       0.33530
     -15.43098       0.33570
     -15.41798       0.33610
     -15.40498       0.33650
     -15.39098       0.33700
     -15.37798       0.33740
     -15.36398       0.33780
     -15.35098       0.33820
     -15.33698       0.33860
     -15.32398       0.33900
     -15.30998       0.33940
     -15.29698       0.33980
     -15.28398       0.34020
     -15.26998       0.34060
     -15.25698       0.34100
     -15.24298       0.34140
     -15.22998       0.34180
     -15.21598       0.34220
     -15.20298       0.34260
     -15.18898       0.34300
     -15.17598       0.34340
     -15.16298       0.34400
     -15.14898       0.34480
     -15.13598       0.34590
     -15.12198       0.34720
     -15.10898       0.34860
     -15.09498       0.35010
     -15.08198       0.35150
     -15.06798       0.35290
     -15.05498       0.35440
     -15.04198       0.35580
     -15.02798       0.35720
     -15.01498       0.35870
     -15.00098       0.36010
     -14.98798       0.36150
     -14.97398       0.36300
     -14.96098       0.36440
     -14.94798       0.36580
     -14.93398       0.36730
     -14.92098       0.36870
     -14.90698       0.37010
     -14.89398       0.37160
     -14.87998       0.37300
     -14.86698       0.37440
     -14.85298       0.37590
     -14.83998       0.37730
     -14.82698       0.37870
     -14.81298       0.38020
     -14.79998       0.38160
     -14.78598       0.38300
     -14.77298       0.38450
     -14.75898       0.38590
     -14.74598       0.38730
     -14.73198       0.38880
     -14.71898       0.39020
     -14.70598       0.39160
     -14.69198       0.39310
     -14.67898       0.39450
     -14.66498       0.39600
     -14.65198       0.39750
     -14.63798       0.43960
     -14.62498       0.43840
     -14.61098       0.47640
     -14.59798       0.47260
     -14.58498       0.50750
     -14.57098       0.50200
     -14.55798       0.49680
     -14.54398       0.49210
     -14.53098       0.48730
     -14.51698       0.48250
     -14.50398       0.47780
     -14.48998       0.47300
     -14.47698       0.46820
     -14.46398       0.46350
     -14.44998       0.45870
     -14.43698       0.45390
     -14.42298       0.44920
     -14.40998       0.44440
     -14.39598       0.43960
     -14.38298       0.43490
     -14.36898       0.48170
     -14.35598       0.56130
     -14.34298       0.62210
     -14.32898       0.64210
     -14.31598       0.72910
     -14.30198       0.68290
     -14.28898       0.63150
     -14.27498       0.58020
     -14.26198       0.52880
     -14.24898       0.47750
     -14.23498       0.42610
     -14.22198       0.38130
     -14.20798       0.34800
     -14.19498       0.31470
     -14.18098       0.29520
     -14.16798       0.27800
     -14.15398       0.26260
     -14.14098       0.25970
     -14.12798       0.25680
     -14.11398       0.25390
     -14.10098       0.25100
     -14.08698       0.24810
     -14.07398       0.24520
     -14.05998       0.24230
     -14.04698       0.23940
     -14.03298       0.23650
     -14.01998       0.23360
     -14.00698       0.23070
     -13.99298       0.22780
     -13.97998       0.22490
     -13.96598       0.22200
     -13.95298       0.21910
     -13.93898       0.21620
     -13.92598       0.21330
     -13.91198       0.21040
     -13.89898       0.20750
     -13.88598       0.20460
     -13.87198       0.20170
     -13.85898       0.19880
     -13.84498       0.19590
     -13.83198       0.19300
     -13.81798       0.19010
     -13.80498       0.18720
     -13.79098       0.18430
     -13.77798       0.18140
     -13.76498       0.17850
     -13.75098       0.17560
     -13.73798       0.17270
     -13.72398       0.16980
     -13.71098       0.16690
     -13.69698       0.16400
     -13.68398       0.16140
     -13.67098       0.16920
     -13.65698       0.17710
     -13.64398       0.19410
     -13.62998       0.21560
     -13.61698       0.23810
     -13.60298       0.27730
     -13.58998       0.31650
     -13.57598       0.35570
     -13.56298       0.39490
     -13.54998       0.36370
     -13.53598       0.29410
     -13.52298       0.27480
     -13.50898       0.16410
     -13.49598       0.11160
     -13.48198       0.10990
     -13.46898       0.10820
     -13.45498       0.10650
     -13.44198       0.10480
     -13.42898       0.10310
     -13.41498       0.10140
     -13.40198       0.09971
     -13.38798       0.09801
     -13.37498       0.09632
     -13.36098       0.09463
     -13.34798       0.09293
     -13.33398       0.09124
     -13.32098       0.08955
     -13.30798       0.08785
     -13.29398       0.08616
     -13.28098       0.08446
     -13.26698       0.08277
     -13.25398       0.08108
     -13.23998       0.07938
     -13.22698       0.07769
     -13.21298       0.07600
     -13.19998       0.07430
     -13.18698       0.07261
     -13.17298       0.07091
     -13.15998       0.07021
     -13.14598       0.07765
     -13.13298       0.09054
     -13.11898       0.10340
     -13.10598       0.11630
     -13.09298       0.12920
     -13.07898       0.14210
     -13.06598       0.15500
     -13.05198       0.16790
     -13.03898       0.18080
     -13.02498       0.19370
     -13.01198       0.20650
     -12.99798       0.21940
     -12.98498       0.23230
     -12.97198       0.24520
     -12.95798       0.25810
     -12.94498       0.27100
     -12.93098       0.28390
     -12.91798       0.29680
     -12.90398       0.30970
     -12.89098       0.32260
     -12.87698       0.33540
     -12.86398       0.34830
     -12.85098       0.36120
     -12.83698       0.37410
     -12.82398       0.33170
     -12.80998       0.23150
     -12.79698       0.23360
     -12.78298       0.23580
     -12.76998       0.23800
     -12.75598       0.24010
     -12.74298       0.24230
     -12.72998       0.24450
     -12.71598       0.24660
     -12.70298       0.24880
     -12.68898       0.25100
     -12.67598       0.25630
     -12.66198       0.28990
     -12.64898       0.36570
     -12.63498       0.47080
     -12.62198       0.57600
     -12.60898       0.68140
     -12.59498       0.78820
     -12.58198       0.89510
     -12.56798       0.51270
     -12.55498       0.31730
     -12.54098       0.31990
     -12.52798       0.32780
     -12.51498       0.33580
     -12.50098       0.34370
     -12.48798       0.35170
     -12.47398       0.35960
     -12.46098       0.36760
     -12.44698       0.37550
     -12.43398       0.38350
     -12.41998       0.39140
     -12.40698       0.39940
     -12.39398       0.40730
     -12.37998       0.41530
     -12.36698       0.42320
     -12.35298       0.43120
     -12.33998       0.43910
     -12.32598       0.44710
     -12.31298       0.45500
     -12.29898       0.46300
     -12.28598       0.47090
     -12.27298       0.47890
     -12.25898       0.48680
     -12.24598       0.49480
     -12.23198       0.50270
     -12.21898       0.51070
     -12.20498       0.51860
     -12.19198       0.52660
     -12.17798       0.53450
     -12.16498       0.54250
     -12.15198       0.55040
     -12.13798       0.55840
     -12.12498       0.56630
     -12.11098       0.57430
     -12.09798       0.58220
     -12.08398       0.59020
     -12.07098       0.59810
     -12.05698       0.60610
     -12.04398       0.56430
     -12.03098       0.50830
     -12.01698       0.43610
     -12.00398       0.37990
     -11.98998       0.37860
     -11.97698       0.37730
     -11.96298       0.37610
     -11.94998       0.37480
     -11.93598       0.37350
     -11.92298       0.37220
     -11.90998       0.37090
     -11.89598       0.36960
     -11.88298       0.36830
     -11.86898       0.36700
     -11.85598       0.36570
     -11.84198       0.36440
     -11.82898       0.36320
     -11.81598       0.36190
     -11.80198       0.36060
     -11.78898       0.35930
     -11.77498       0.35800
     -11.76198       0.35670
     -11.74798       0.35540
     -11.73498       0.35410
     -11.72098       0.35280
     -11.70798       0.35150
     -11.69498       0.35030
     -11.68098       0.34900
     -11.66798       0.34770
     -11.65398       0.34640
     -11.64098       0.34510
     -11.62698       0.34380
     -11.61398       0.34250
     -11.59998       0.34120
     -11.58698       0.33980
     -11.57398       0.33850
     -11.55998       0.33710
     -11.54698       0.33580
     -11.53298       0.33440
     -11.51998       0.33310
     -11.50598       0.33170
     -11.49298       0.33040
     -11.47898       0.32900
     -11.46598       0.32770
     -11.45298       0.32630
     -11.43898       0.32490
     -11.42598       0.32360
     -11.41198       0.32220
     -11.39898       0.32090
     -11.38498       0.31950
     -11.37198       0.31820
     -11.35798       0.31680
     -11.34498       0.31550
     -11.33198       0.31410
     -11.31798       0.31280
     -11.30498       0.31140
     -11.29098       0.31010
     -11.27798       0.30880
     -11.26398       0.30750
     -11.25098       0.30620
     -11.23798       0.30480
     -11.22398       0.30350
     -11.21098       0.30220
     -11.19698       0.30090
     -11.18398       0.29960
     -11.16998       0.29820
     -11.15698       0.29690
     -11.14298       0.29560
     -11.12998       0.29430
     -11.11698       0.29300
     -11.10298       0.29160
     -11.08998       0.29030
     -11.07598       0.28890
     -11.06298       0.28750
     -11.04898       0.28610
     -11.03598       0.28470
     -11.02198       0.28330
     -11.00898       0.28190
     -10.99598       0.28080
     -10.98198       0.27980
     -10.96898       0.27910
     -10.95498       0.27860
     -10.94198       0.27830
     -10.92798       0.27800
     -10.91498       0.27770
     -10.90098       0.27740
     -10.88798       0.27710
     -10.87498       0.27680
     -10.86098       0.27660
     -10.84798       0.27630
     -10.83398       0.27600
     -10.82098       0.27570
     -10.80698       0.27540
     -10.79398       0.27510
     -10.77998       0.27480
     -10.76698       0.27460
     -10.75398       0.27430
     -10.73998       0.27400
     -10.72698       0.27370
     -10.71298       0.27340
     -10.69998       0.27310
     -10.68598       0.27280
     -10.67298       0.27250
     -10.65998       0.27230
     -10.64598       0.27200
     -10.63298       0.27170
     -10.61898       0.27140
     -10.60598       0.27110
     -10.59198       0.27080
     -10.57898       0.27050
     -10.56498       0.27030
     -10.55198       0.27000
     -10.53898       0.27100
     -10.52498       0.27450
     -10.51198       0.27800
     -10.49798       0.28150
     -10.48498       0.28500
     -10.47098       0.28850
     -10.45798       0.29200
     -10.44398       0.29550
     -10.43098       0.29890
     -10.41798       0.30240
     -10.40398       0.30590
     -10.39098       0.30940
     -10.37698       0.31280
     -10.36398       0.31630
     -10.34998       0.31980
     -10.33698       0.32330
     -10.32298       0.32670
     -10.30998       0.33020
     -10.29698       0.33370
     -10.28298       0.33710
     -10.26998       0.34060
     -10.25598       0.34410
     -10.24298       0.34750
     -10.22898       0.35100
     -10.21598       0.34990
     -10.20198       0.34550
     -10.18898       0.34380
     -10.17598       0.33850
     -10.16198       0.34210
     -10.14898       0.34570
     -10.13498       0.34930
     -10.12198       0.35290
     -10.10798       0.35650
     -10.09498       0.36010
     -10.08198       0.36370
     -10.06798       0.36730
     -10.05498       0.37090
     -10.04098       0.37450
     -10.02798       0.37810
     -10.01398       0.38170
     -10.00098       0.38530
      -9.98698       0.38890
      -9.97398       0.39250
      -9.96098       0.39610
      -9.94698       0.39970
      -9.93398       0.39140
      -9.91998       0.38940
      -9.90698       0.37840
      -9.89298       0.37840
      -9.87998       0.37840
      -9.86598       0.37830
      -9.85298       0.37830
      -9.83998       0.37830
      -9.82598       0.37820
      -9.81298       0.37820
      -9.79898       0.37820
      -9.78598       0.37810
      -9.77198       0.37810
      -9.75898       0.37810
      -9.74498       0.37800
      -9.73198       0.37800
      -9.71898       0.37800
      -9.70498       0.37790
      -9.69198       0.37790
      -9.67798       0.37790
      -9.66498       0.37780
      -9.65098       0.37780
      -9.63798       0.37780
      -9.62398       0.37770
      -9.61098       0.37770
      -9.59798       0.37770
      -9.58398       0.37760
      -9.57098       0.37760
      -9.55698       0.37750
      -9.54398       0.37750
      -9.52998       0.37740
      -9.51698       0.37740
      -9.50298       0.37720
      -9.48998       0.37690
      -9.47698       0.37660
      -9.46298       0.37600
      -9.44998       0.37540
      -9.43598       0.37480
      -9.42298       0.37420
      -9.40898       0.37360
      -9.39598       0.37300
      -9.38298       0.37280
      -9.36898       0.37320
      -9.35598       0.37360
      -9.34198       0.37400
      -9.32898       0.37450
      -9.31498       0.37490
      -9.30198       0.37540
      -9.28798       0.37580
      -9.27498       0.37630
      -9.26198       0.37670
      -9.24798       0.37720
      -9.23498       0.37760
      -9.22098       0.37810
      -9.20798       0.37850
      -9.19398       0.37900
      -9.18098       0.37940
      -9.16698       0.37990
      -9.15398       0.38030
      -9.14098       0.38080
      -9.12698       0.38120
      -9.11398       0.38170
      -9.09998       0.38210
      -9.08698       0.38260
      -9.07298       0.38300
      -9.05998       0.38350
      -9.04598       0.38390
      -9.03298       0.38440
      -9.01998       0.38480
      -9.00598       0.38530
      -8.99298       0.38570
      -8.97898       0.38610
      -8.96598       0.38660
      -8.95198       0.38700
      -8.93898       0.38750
      -8.92498       0.38810
      -8.91198       0.38880
      -8.89898       0.38970
      -8.88498       0.39070
      -8.87198       0.39180
      -8.85798       0.39290
      -8.84498       0.39390
      -8.83098       0.39510
      -8.81798       0.39620
      -8.80498       0.39740
      -8.79098       0.39860
      -8.77798       0.39990
      -8.76398       0.40120
      -8.75098       0.40250
      -8.73698       0.40380
      -8.72398       0.40510
      -8.70998       0.40620
      -8.69698       0.40720
      -8.68398       0.40800
      -8.66998       0.40860
      -8.65698       0.40900
      -8.64298       0.40930
      -8.62998       0.40960
      -8.61598       0.41000
      -8.60298       0.41030
      -8.58898       0.41060
      -8.57598       0.41090
      -8.56298       0.41130
      -8.54898       0.41160
      -8.53598       0.41190
      -8.52198       0.41220
      -8.50898       0.41260
      -8.49498       0.41290
      -8.48198       0.41320
      -8.46798       0.41350
      -8.45498       0.41380
      -8.44198       0.41420
      -8.42798       0.41450
      -8.41498       0.41480
      -8.40098       0.41510
      -8.38798       0.41550
      -8.37398       0.41580
      -8.36098       0.41610
      -8.34698       0.41640
      -8.33398       0.41680
      -8.32098       0.41710
      -8.30698       0.41740
      -8.29398       0.41770
      -8.27998       0.41830
      -8.26698       0.42370
      -8.25298       0.43310
      -8.23998       0.43680
      -8.22698       0.43720
      -8.21298       0.43760
      -8.19998       0.43800
      -8.18598       0.43840
      -8.17298       0.43880
      -8.15898       0.43920
      -8.14598       0.43960
      -8.13198       0.44000
      -8.11898       0.44040
      -8.10598       0.44080
      -8.09198       0.44130
      -8.07898       0.44170
      -8.06498       0.44210
      -8.05198       0.44250
      -8.03798       0.44290
      -8.02498       0.44330
      -8.01098       0.44370
      -7.99798       0.44410
      -7.98498       0.44450
      -7.97098       0.44490
      -7.95798       0.44530
      -7.94398       0.44570
      -7.93098       0.44610
      -7.91698       0.44560
      -7.90398       0.44060
      -7.88998       0.43540
      -7.87698       0.43360
      -7.86398       0.43420
      -7.84998       0.43480
      -7.83698       0.43540
      -7.82298       0.43610
      -7.80998       0.43690
      -7.79598       0.43760
      -7.78298       0.43840
      -7.76898       0.43920
      -7.75598       0.43990
      -7.74298       0.44070
      -7.72898       0.44150
      -7.71598       0.44220
      -7.70198       0.44300
      -7.68898       0.44380
      -7.67498       0.44450
      -7.66198       0.44530
      -7.64898       0.44610
      -7.63498       0.45280
      -7.62198       0.45420
      -7.60798       0.47220
      -7.59498       0.52250
      -7.58098       0.57000
      -7.56798       0.62380
      -7.55398       0.67190
      -7.54098       0.72010
      -7.52798       0.76820
      -7.51398       0.81640
      -7.50098       0.86450
      -7.48698       0.91270
      -7.47398       0.70970
      -7.45998       0.71630
      -7.44698       0.72300
      -7.43298       0.72980
      -7.41998       0.73690
      -7.40698       0.74380
      -7.39298       0.75040
      -7.37998       0.75690
      -7.36598       0.76330
      -7.35298       0.76940
      -7.33898       0.77530
      -7.32598       0.78120
      -7.31198       0.78710
      -7.29898       0.79300
      -7.28598       0.79890
      -7.27198       0.80480
      -7.25898       0.81070
      -7.24498       0.81660
      -7.23198       0.81960
      -7.21798       0.81710
      -7.20498       0.81460
      -7.19098       0.81200
      -7.17798       0.80950
      -7.16498       0.80690
      -7.15098       0.80440
      -7.13798       0.80190
      -7.12398       0.79930
      -7.11098       0.79740
      -7.09698       0.80060
      -7.08398       0.80410
      -7.07098       0.80750
      -7.05698       0.81100
      -7.04398       0.81440
      -7.02998       0.81790
      -7.01698       0.82130
      -7.00298       0.82640
      -6.98998       0.83720
      -6.97598       0.85040
      -6.96298       0.87030
      -6.94998       0.89230
      -6.93598       0.91420
      -6.92298       0.93600
      -6.90898       0.95760
      -6.89598       0.97900
      -6.88198       1.00100
      -6.86898       1.02200
      -6.85498       1.04300
      -6.84198       1.06500
      -6.82898       1.08600
      -6.81498       1.10800
      -6.80198       1.12900
      -6.78798       1.15100
      -6.77498       1.17200
      -6.76098       1.20100
      -6.74798       1.23200
      -6.73398       1.35500
      -6.72098       1.32300
      -6.70798       1.29000
      -6.69398       1.26200
      -6.68098       1.23900
      -6.66698       1.21500
      -6.65398       1.18500
      -6.63998       1.15400
      -6.62698       1.12200
      -6.61298       1.08500
      -6.59998       1.04700
      -6.58698       1.00500
      -6.57298       0.96040
      -6.55998       0.91630
      -6.54598       0.87220
      -6.53298       0.82810
      -6.51898       0.78400
      -6.50598       0.74900
      -6.49198       0.73400
      -6.47898       0.74060
      -6.46598       0.74860
      -6.45198       0.75660
      -6.43898       0.76460
      -6.42498       0.77260
      -6.41198       0.78060
      -6.39798       0.73860
      -6.38498       0.74110
      -6.37198       0.74350
      -6.35798       0.69510
      -6.34498       0.69100
      -6.33098       0.68590
      -6.31798       0.62720
      -6.30398       0.61500
      -6.29098       0.60230
      -6.27698       0.66730
      -6.26398       0.81080
      -6.25098       0.90020
      -6.23698       0.90270
      -6.22398       0.90030
      -6.20998       0.89790
      -6.19698       0.89540
      -6.18298       0.89610
      -6.16998       0.89750
      -6.15598       0.89930
      -6.14298       0.90450
      -6.12998       0.90610
      -6.11598       0.90280
      -6.10298       0.90560
      -6.08898       0.91800
      -6.07598       0.94820
      -6.06198       0.97840
      -6.04898       1.00900
      -6.03498       1.03900
      -6.02198       1.06900
      -6.00898       1.09300
      -5.99498       1.08800
      -5.98198       1.07300
      -5.96798       1.05800
      -5.95498       1.04300
      -5.94098       1.02800
      -5.92798       1.01300
      -5.91398       0.99800
      -5.90098       0.98300
      -5.88798       0.96800
      -5.87398       0.95300
      -5.86098       0.93800
      -5.84698       0.92470
      -5.83398       0.92350
      -5.81998       0.93110
      -5.80698       0.94450
      -5.79398       0.97480
      -5.77998       0.99840
      -5.76698       1.01700
      -5.75298       1.02700
      -5.73998       0.98590
      -5.72598       0.94490
      -5.71298       0.82090
      -5.69898       0.68470
      -5.68598       0.54840
      -5.67298       0.41210
      -5.65898       0.27590
      -5.64598       0.21990
      -5.63198       0.20980
      -5.61898       0.20580
      -5.60498       0.20180
      -5.59198       0.19780
      -5.57798       0.19380
      -5.56498       0.18980
      -5.55198       0.18580
      -5.53798       0.18180
      -5.52498       0.17780
      -5.51098       0.17380
      -5.49798       0.16980
      -5.48398       0.16580
      -5.47098       0.16180
      -5.45698       0.15770
      -5.44398       0.15370
      -5.43098       0.14970
      -5.41698       0.14430
      -5.40398       0.12220
      -5.38998       0.11130
      -5.37698       0.11110
      -5.36298       0.16560
      -5.34998       0.35430
      -5.33598       0.59790
      -5.32298       0.84160
      -5.30998       1.08500
      -5.29598       1.07900
      -5.28298       0.84250
      -5.26898       0.74940
      -5.25598       0.75710
      -5.24198       0.76490
      -5.22898       0.77260
      -5.21598       0.78040
      -5.20198       0.88290
      -5.18898       1.00500
      -5.17498       1.21900
      -5.16198       1.32900
      -5.14798       1.58300
      -5.13498       1.69200
      -5.12098       1.54100
      -5.10798       1.34300
      -5.09498       1.14500
      -5.08098       0.94690
      -5.06798       0.78920
      -5.05398       0.73470
      -5.04098       0.72690
      -5.02698       0.72300
      -5.01398       0.71920
      -4.99998       0.71530
      -4.98698       0.71150
      -4.97398       0.70760
      -4.95998       0.70380
      -4.94698       0.69990
      -4.93298       0.69610
      -4.91998       0.69220
      -4.90598       0.68840
      -4.89298       0.68450
      -4.87898       0.68070
      -4.86598       0.67680
      -4.85298       0.67300
      -4.83898       0.66910
      -4.82598       0.66530
      -4.81198       0.66140
      -4.79898       0.65760
      -4.78498       0.65370
      -4.77198       0.64990
      -4.75798       0.64600
      -4.74498       0.64220
      -4.73198       0.63830
      -4.71798       0.63450
      -4.70498       0.63060
      -4.69098       0.62680
      -4.67798       0.62290
      -4.66398       0.61910
      -4.65098       0.61520
      -4.63798       0.61140
      -4.62398       0.60770
      -4.61098       0.60500
      -4.59698       0.60320
      -4.58398       0.60200
      -4.56998       0.60080
      -4.55698       0.59960
      -4.54298       0.59840
      -4.52998       0.59720
      -4.51698       0.59620
      -4.50298       0.59560
      -4.48998       0.59540
      -4.47598       0.59540
      -4.46298       0.59590
      -4.44898       0.59650
      -4.43598       0.59700
      -4.42198       0.59760
      -4.40898       0.60020
      -4.39598       0.61220
      -4.38198       0.61480
      -4.36898       0.61350
      -4.35498       0.61190
      -4.34198       0.61000
      -4.32798       0.60800
      -4.31498       0.60600
      -4.30098       0.60410
      -4.28798       0.60210
      -4.27498       0.60010
      -4.26098       0.59840
      -4.24798       0.59690
      -4.23398       0.59560
      -4.22098       0.59430
      -4.20698       0.59300
      -4.19398       0.59180
      -4.17998       0.59050
      -4.16698       0.58920
      -4.15398       0.58790
      -4.13998       0.58640
      -4.12698       0.58490
      -4.11298       0.58340
      -4.09998       0.58190
      -4.08598       0.58040
      -4.07298       0.57880
      -4.05898       0.57730
      -4.04598       0.57580
      -4.03298       0.57430
      -4.01898       0.57280
      -4.00598       0.57130
      -3.99198       0.56980
      -3.97898       0.56830
      -3.96498       0.56680
      -3.95198       0.56550
      -3.93898       0.56420
      -3.92498       0.56300
      -3.91198       0.56180
      -3.89798       0.56060
      -3.88498       0.55940
      -3.87098       0.55820
      -3.85798       0.55690
      -3.84398       0.55570
      -3.83098       0.55450
      -3.81798       0.55330
      -3.80398       0.55260
      -3.79098       0.55320
      -3.77698       0.55530
      -3.76398       0.55900
      -3.74998       0.56270
      -3.73698       0.56650
      -3.72298       0.57020
      -3.70998       0.57390
      -3.69698       0.57760
      -3.68298       0.58130
      -3.66998       0.58290
      -3.65598       0.58100
      -3.64298       0.57920
      -3.62898       0.57740
      -3.61598       0.57550
      -3.60198       0.57370
      -3.58898       0.57180
      -3.57598       0.57000
      -3.56198       0.56820
      -3.54898       0.56630
      -3.53498       0.56450
      -3.52198       0.56260
      -3.50798       0.56080
      -3.49498       0.55900
      -3.48098       0.55720
      -3.46798       0.55540
      -3.45498       0.55380
      -3.44098       0.55210
      -3.42798       0.58810
      -3.41398       0.59810
      -3.40098       0.59290
      -3.38698       0.58760
      -3.37398       0.58230
      -3.36098       0.57710
      -3.34698       0.57180
      -3.33398       0.56650
      -3.31998       0.56130
      -3.30698       0.55600
      -3.29298       0.55080
      -3.27998       0.54510
      -3.26598       0.53940
      -3.25298       0.53380
      -3.23998       0.52850
      -3.22598       0.59600
      -3.21298       0.61730
      -3.19898       0.60050
      -3.18598       0.58370
      -3.17198       0.56690
      -3.15898       0.55010
      -3.14498       0.53330
      -3.13198       0.51660
      -3.11898       0.50010
      -3.10498       0.48370
      -3.09198       0.46760
      -3.07798       0.45160
      -3.06498       0.43550
      -3.05098       0.41950
      -3.03798       0.40350
      -3.02398       0.38750
      -3.01098       0.37210
      -2.99798       0.36280
      -2.98398       0.36450
      -2.97098       0.36630
      -2.95698       0.36800
      -2.94398       0.36980
      -2.92998       0.37150
      -2.91698       0.37330
      -2.90298       0.37500
      -2.88998       0.37680
      -2.87698       0.37860
      -2.86298       0.38030
      -2.84998       0.38300
      -2.83598       0.38610
      -2.82298       0.38990
      -2.80898       0.39410
      -2.79598       0.39920
      -2.78298       0.40420
      -2.76898       0.40920
      -2.75598       0.41420
      -2.74198       0.41920
      -2.72898       0.42420
      -2.71498       0.42920
      -2.70198       0.43420
      -2.68798       0.43920
      -2.67498       0.44420
      -2.66198       0.44920
      -2.64798       0.45420
      -2.63498       0.45920
      -2.62098       0.46420
      -2.60798       0.46920
      -2.59398       0.47420
      -2.58098       0.47920
      -2.56698       0.48420
      -2.55398       0.48920
      -2.54098       0.49420
      -2.52698       0.56080
      -2.51398       0.55820
      -2.49998       0.61750
      -2.48698       0.60730
      -2.47298       0.66070
      -2.45998       0.64310
      -2.44598       0.62550
      -2.43298       0.60790
      -2.41998       0.59030
      -2.40598       0.57270
      -2.39298       0.55510
      -2.37898       0.53750
      -2.36598       0.51990
      -2.35198       0.50230
      -2.33898       0.48470
      -2.32498       0.46710
      -2.31198       0.44950
      -2.29898       0.43190
      -2.28498       0.41430
      -2.27198       0.40600
      -2.25798       0.40580
      -2.24498       0.41100
      -2.23098       0.42910
      -2.21798       0.44710
      -2.20498       0.48210
      -2.19098       0.51950
      -2.17798       0.55680
      -2.16398       0.56360
      -2.15098       0.51110
      -2.13698       0.49380
      -2.12398       0.43800
      -2.10998       0.46160
      -2.09698       0.33470
      -2.08398       0.33100
      -2.06998       0.32740
      -2.05698       0.32380
      -2.04298       0.32010
      -2.02998       0.31650
      -2.01598       0.31280
      -2.00298       0.30920
      -1.98898       0.30560
      -1.97598       0.30190
      -1.96298       0.29830
      -1.94898       0.29470
      -1.93598       0.29100
      -1.92198       0.28740
      -1.90898       0.28370
      -1.89498       0.28010
      -1.88198       0.27650
      -1.86798       0.27280
      -1.85498       0.26920
      -1.84198       0.26560
      -1.82798       0.26190
      -1.81498       0.25830
      -1.80098       0.25470
      -1.78798       0.25100
      -1.77398       0.24740
      -1.76098       0.24370
      -1.74698       0.24010
      -1.73398       0.23650
      -1.72098       0.23280
      -1.70698       0.22920
      -1.69398       0.22560
      -1.67998       0.22190
      -1.66698       0.21830
      -1.65298       0.21460
      -1.63998       0.21100
      -1.62598       0.20740
      -1.61298       0.20370
      -1.59998       0.20010
      -1.58598       0.19650
      -1.57298       0.19280
      -1.55898       0.18920
      -1.54598       0.18560
      -1.53198       0.18190
      -1.51898       0.17830
      -1.50598       0.17530
      -1.49198       0.17290
      -1.47898       0.17110
      -1.46498       0.17000
      -1.45198       0.16930
      -1.43798       0.16950
      -1.42498       0.16980
      -1.41098       0.17000
      -1.39798       0.17030
      -1.38498       0.17060
      -1.37098       0.17080
      -1.35798       0.17110
      -1.34398       0.17130
      -1.33098       0.17160
      -1.31698       0.17180
      -1.30398       0.17210
      -1.28998       0.17240
      -1.27698       0.17260
      -1.26398       0.17290
      -1.24998       0.17310
      -1.23698       0.17340
      -1.22298       0.17370
      -1.20998       0.17390
      -1.19598       0.17420
      -1.18298       0.17440
      -1.16898       0.17470
      -1.15598       0.17490
      -1.14298       0.17520
      -1.12898       0.17550
      -1.11598       0.17570
      -1.10198       0.17600
      -1.08898       0.16910
      -1.07498       0.14640
      -1.06198       0.13440
      -1.04798       0.11930
      -1.03498       0.09797
      -1.02198       0.09669
      -1.00798       0.09541
      -0.99498       0.09413
      -0.98098       0.09285
      -0.96798       0.09157
      -0.95398       0.09029
      -0.94098       0.08901
      -0.92798       0.08773
      -0.91398       0.08645
      -0.90098       0.08517
      -0.88698       0.08389
      -0.87398       0.08261
      -0.85998       0.08133
      -0.84698       0.08005
      -0.83298       0.07877
      -0.81998       0.07749
      -0.80698       0.07621
      -0.79298       0.07493
      -0.77998       0.07365
      -0.76598       0.07237
      -0.75298       0.07108
      -0.73898       0.06980
      -0.72598       0.06852
      -0.71198       0.06724
      -0.69898       0.06596
      -0.68598       0.06468
      -0.67198       0.06340
      -0.65898       0.06212
      -0.64498       0.06084
      -0.63198       0.05956
      -0.61798       0.05828
      -0.60498       0.05700
      -0.59098       0.05572
      -0.57798       0.05444
      -0.56498       0.05316
      -0.55098       0.05188
      -0.53798       0.05060
      -0.52398       0.04932
      -0.51098       0.04804
      -0.49698       0.04676
      -0.48398       0.04548
      -0.46998       0.04420
      -0.45698       0.04292
      -0.44398       0.04164
      -0.42998       0.04036
      -0.41698       0.03908
      -0.40298       0.03780
      -0.38998       0.03652
      -0.37598       0.03524
      -0.36298       0.03396
      -0.34998       0.03268
      -0.33598       0.03140
      -0.32298       0.03012
      -0.30898       0.02884
      -0.29598       0.02756
      -0.28198       0.02628
      -0.26898       0.02499
      -0.25498       0.02371
      -0.24198       0.02243
      -0.22898       0.02115
      -0.21498       0.01987
      -0.20198       0.01859
      -0.18798       0.01731
      -0.17498       0.01603
      -0.16098       0.01475
      -0.14798       0.01347
      -0.13398       0.01219
      -0.12098       0.01091
      -0.10798       0.00963
      -0.09398       0.00835
      -0.08098       0.00707
      -0.06698       0.00579
      -0.05398       0.00451
      -0.03998       0.00323
      -0.02698       0.00195
      -0.01298       0.00067
       0.00002       0.00000
       0.01302       0.00000
       0.02702       0.00000
       0.04002       0.00000
       0.05402       0.00064
       0.06702       0.00202
       0.08102       0.00340
       0.09402       0.00478
       0.10802       0.00616
       0.12102       0.00754
       0.13402       0.00892
       0.14802       0.01030
       0.16102       0.01168
       0.17502       0.01306
       0.18802       0.01444
       0.20202       0.01582
       0.21502       0.01720
       0.22802       0.01858
       0.24202       0.01996
       0.25502       0.02134
       0.26902       0.02272
       0.28202       0.02410
       0.29602       0.02548
       0.30902       0.02686
       0.32302       0.02824
       0.33602       0.02962
       0.34902       0.03100
       0.36302       0.03238
       0.37602       0.03376
       0.39002       0.03514
       0.40302       0.03652
       0.41702       0.03790
       0.43002       0.03928
       0.44402       0.04066
       0.45702       0.04204
       0.47002       0.04342
       0.48402       0.04480
       0.49702       0.04618
       0.51102       0.04756
       0.52402       0.04894
       0.53802       0.05032
       0.55102       0.05171
       0.56502       0.05309
       0.57802       0.05447
       0.59102       0.05585
       0.60502       0.05723
       0.61802       0.05861
       0.63202       0.05999
       0.64502       0.06137
       0.65902       0.06275
       0.67202       0.06413
       0.68602       0.06551
       0.69902       0.06689
       0.71202       0.06827
       0.72602       0.06965
       0.73902       0.07103
       0.75302       0.07241
       0.76602       0.07379
       0.78002       0.07517
       0.79302       0.07655
       0.80602       0.07793
       0.82002       0.07931
       0.83302       0.08069
       0.84702       0.08207
       0.86002       0.08345
       0.87402       0.08483
       0.88702       0.08621
       0.90102       0.08759
       0.91402       0.08897
       0.92702       0.09035
       0.94102       0.09173
       0.95402       0.09311
       0.96802       0.09449
       0.98102       0.09587
       0.99502       0.09725
       1.00802       0.09863
       1.02202       0.10000
       1.03502       0.10140
       1.04802       0.11620
       1.06202       0.16710
       1.07502       0.19000
       1.08902       0.24760
       1.10202       0.24460
       1.11602       0.23990
       1.12902       0.23520
       1.14302       0.23050
       1.15602       0.22580
       1.16902       0.22110
       1.18302       0.21640
       1.19602       0.21170
       1.21002       0.20700
       1.22302       0.20230
       1.23702       0.19760
       1.25002       0.19280
       1.26402       0.18810
       1.27702       0.18340
       1.29002       0.17870
       1.30402       0.17400
       1.31702       0.17250
       1.33102       0.17390
       1.34402       0.17860
       1.35802       0.18490
       1.37102       0.19120
       1.38502       0.19750
       1.39802       0.20380
       1.41102       0.21020
       1.42502       0.21650
       1.43802       0.22280
       1.45202       0.22910
       1.46502       0.23540
       1.47902       0.24170
       1.49202       0.24800
       1.50502       0.25430
       1.51902       0.26060
       1.53202       0.26690
       1.54602       0.27320
       1.55902       0.27950
       1.57302       0.28580
       1.58602       0.29210
       1.60002       0.29840
       1.61302       0.30470
       1.62602       0.31100
       1.64002       0.31740
       1.65302       0.32370
       1.66702       0.33000
       1.68002       0.37380
       1.69402       0.47530
       1.70702       0.58280
       1.72102       0.69030
       1.73402       0.79780
       1.74702       0.90530
       1.76102       1.01300
       1.77402       1.08000
       1.78802       0.82130
       1.80102       0.60820
       1.81502       0.62460
       1.82802       0.64100
       1.84202       0.65750
       1.85502       0.67390
       1.86802       0.69030
       1.88202       0.70670
       1.89502       0.72320
       1.90902       0.58360
       1.92202       0.49980
       1.93602       0.49290
       1.94902       0.48600
       1.96302       0.47920
       1.97602       0.47230
       1.98902       0.46540
       2.00302       0.45860
       2.01602       0.45170
       2.03002       0.44490
       2.04302       0.43800
       2.05702       0.43160
       2.07002       0.42590
       2.08302       0.42070
       2.09702       0.41560
       2.11002       0.41060
       2.12402       0.40550
       2.13702       0.40040
       2.15102       0.39540
       2.16402       0.39030
       2.17802       0.38530
       2.19102       0.38040
       2.20402       0.37600
       2.21802       0.37220
       2.23102       0.36880
       2.24502       0.36560
       2.25802       0.36230
       2.27202       0.35900
       2.28502       0.35580
       2.29902       0.35250
       2.31202       0.34930
       2.32502       0.34600
       2.33902       0.34270
       2.35202       0.33950
       2.36602       0.33620
       2.37902       0.33290
       2.39302       0.32970
       2.40602       0.32640
       2.42002       0.32320
       2.43302       0.32170
       2.44602       0.32050
       2.46002       0.31940
       2.47302       0.31820
       2.48702       0.31700
       2.50002       0.31590
       2.51402       0.31470
       2.52702       0.31360
       2.54102       0.31240
       2.55402       0.31120
       2.56702       0.31010
       2.58102       0.30890
       2.59402       0.30770
       2.60802       0.30660
       2.62102       0.30540
       2.63502       0.30420
       2.64802       0.30310
       2.66102       0.30190
       2.67502       0.30070
       2.68802       0.29960
       2.70202       0.29840
       2.71502       0.29720
       2.72902       0.29610
       2.74202       0.29490
       2.75602       0.29380
       2.76902       0.29260
       2.78202       0.29140
       2.79602       0.29030
       2.80902       0.28910
       2.82302       0.28790
       2.83602       0.28680
       2.85002       0.28560
       2.86302       0.28440
       2.87702       0.28330
       2.89002       0.28210
       2.90302       0.28090
       2.91702       0.27980
       2.93002       0.27860
       2.94402       0.27750
       2.95702       0.27630
       2.97102       0.27510
       2.98402       0.27400
       2.99802       0.27280
       3.01102       0.27160
       3.02402       0.27050
       3.03802       0.26940
       3.05102       0.26840
       3.06502       0.26740
       3.07802       0.26640
       3.09202       0.26530
       3.10502       0.26430
       3.11902       0.26330
       3.13202       0.26220
       3.14502       0.26120
       3.15902       0.26020
       3.17202       0.25920
       3.18602       0.25810
       3.19902       0.25720
       3.21302       0.25640
       3.22602       0.25550
       3.23902       0.25460
       3.25302       0.25370
       3.26602       0.25280
       3.28002       0.25200
       3.29302       0.28020
       3.30702       0.31450
       3.32002       0.34880
       3.33402       0.38310
       3.34702       0.41740
       3.36002       0.45170
       3.37402       0.48600
       3.38702       0.52030
       3.40102       0.55460
       3.41402       0.58890
       3.42802       0.42960
       3.44102       0.42950
       3.45502       0.42960
       3.46802       0.42980
       3.48102       0.43230
       3.49502       0.43480
       3.50802       0.43730
       3.52202       0.43980
       3.53502       0.44240
       3.54902       0.44490
       3.56202       0.44740
       3.57602       0.44990
       3.58902       0.45250
       3.60202       0.45500
       3.61602       0.45750
       3.62902       0.46000
       3.64302       0.46260
       3.65602       0.46510
       3.67002       0.46760
       3.68302       0.47010
       3.69702       0.47260
       3.71002       0.47500
       3.72302       0.47140
       3.73702       0.46730
       3.75002       0.46320
       3.76402       0.45910
       3.77702       0.45510
       3.79102       0.45100
       3.80402       0.44690
       3.81802       0.44280
       3.83102       0.43880
       3.84402       0.43470
       3.85802       0.43220
       3.87102       0.43280
       3.88502       0.43350
       3.89802       0.43410
       3.91202       0.43470
       3.92502       0.43530
       3.93802       0.43590
       3.95202       0.43660
       3.96502       0.43720
       3.97902       0.43780
       3.99202       0.43840
       4.00602       0.43910
       4.01902       0.43970
       4.03302       0.44030
       4.04602       0.44100
       4.05902       0.44160
       4.07302       0.44230
       4.08602       0.45610
       4.10002       0.49100
       4.11302       0.52590
       4.12702       0.56080
       4.14002       0.59580
       4.15402       0.63070
       4.16702       0.66560
       4.18002       0.70050
       4.19402       0.73540
       4.20702       0.77030
       4.22102       0.80520
       4.23402       0.63630
       4.24802       0.63980
       4.26102       0.64330
       4.27502       0.64680
       4.28802       0.63110
       4.30102       0.63330
       4.31502       0.63560
       4.32802       0.63780
       4.34202       0.64000
       4.35502       0.64230
       4.36902       0.64450
       4.38202       0.64680
       4.39602       0.64900
       4.40902       0.65130
       4.42202       0.65350
       4.43602       0.65580
       4.44902       0.67190
       4.46302       0.70760
       4.47602       0.74330
       4.49002       0.77900
       4.50302       0.81470
       4.51602       0.84970
       4.53002       0.87890
       4.54302       0.90820
       4.55702       0.93750
       4.57002       0.96700
       4.58402       0.99710
       4.59702       0.82880
       4.61102       0.82810
       4.62402       0.82750
       4.63702       0.82690
       4.65102       0.82640
       4.66402       0.82790
       4.67802       0.83250
       4.69102       0.83710
       4.70502       0.84170
       4.71802       0.84630
       4.73202       0.85080
       4.74502       0.85540
       4.75802       0.86000
       4.77202       0.86460
       4.78502       0.86920
       4.79902       0.87380
       4.81202       0.87840
       4.82602       0.88300
       4.83902       0.88760
       4.85302       0.89220
       4.86602       0.89680
       4.87902       0.90140
       4.89302       0.90130
       4.90602       0.89960
       4.92002       0.89790
       4.93302       0.89630
       4.94702       0.89530
       4.96002       0.89500
       4.97402       0.89460
       4.98702       0.89430
       5.00002       0.89330
       5.01402       0.89110
       5.02702       0.88890
       5.04102       0.89050
       5.05402       0.89280
       5.06802       0.89510
       5.08102       0.89730
       5.09402       0.88630
       5.10802       0.88210
       5.12102       0.88320
       5.13502       0.88470
       5.14802       0.88930
       5.16202       0.89530
       5.17502       0.90130
       5.18902       0.90730
       5.20202       0.91320
       5.21502       0.91920
       5.22902       0.92520
       5.24202       0.93120
       5.25602       0.93710
       5.26902       0.94310
       5.28302       0.94910
       5.29602       0.95510
       5.31002       0.96100
       5.32302       0.96700
       5.33602       0.97300
       5.35002       0.97900
       5.36302       1.00800
       5.37702       1.04800
       5.39002       1.08900
       5.40402       1.13000
       5.41702       1.17100
       5.43102       1.21200
       5.44402       1.25200
       5.45702       1.29300
       5.47102       1.32200
       5.48402       1.35500
       5.49802       1.39500
       5.51102       1.22300
       5.52502       1.23200
       5.53802       1.24000
       5.55202       1.24800
       5.56502       1.25000
       5.57802       1.23800
       5.59202       1.22400
       5.60502       1.20900
       5.61902       1.19400
       5.63202       1.18000
       5.64602       1.16500
       5.65902       1.15000
       5.67202       1.13600
       5.68602       1.12100
       5.69902       1.10600
       5.71302       1.09200
       5.72602       1.07700
       5.74002       1.06300
       5.75302       1.04800
       5.76702       1.03400
       5.78002       1.02100
       5.79302       1.00900
       5.80702       0.99270
       5.82002       1.00200
       5.83402       1.02900
       5.84702       1.05700
       5.86102       1.08400
       5.87402       1.11200
       5.88802       1.14000
       5.90102       1.16700
       5.91402       1.19500
       5.92802       1.22200
       5.94102       1.25300
       5.95502       1.28600
       5.96802       1.11300
       5.98202       1.11400
       5.99502       1.05900
       6.00902       1.04200
       6.02202       1.06100
       6.03502       1.08000
       6.04902       1.09900
       6.06202       1.11800
       6.07602       1.13700
       6.08902       1.15600
       6.10302       1.17600
       6.11602       1.19500
       6.13002       1.21400
       6.14302       1.23300
       6.15602       1.25200
       6.17002       1.27100
       6.18302       1.29000
       6.19702       1.31000
       6.21002       1.33200
       6.22402       1.35700
       6.23702       1.38200
       6.25102       1.40500
       6.26402       1.42100
       6.27702       1.40600
       6.29102       1.35200
       6.30402       1.28300
       6.31802       1.21300
       6.33102       1.13900
       6.34502       1.13100
       6.35802       1.12700
       6.37102       1.10700
       6.38502       1.09900
       6.39802       1.09700
       6.41202       1.09600
       6.42502       1.09600
       6.43902       1.09600
       6.45202       1.09600
       6.46602       1.09500
       6.47902       1.09500
       6.49202       1.09500
       6.50602       1.09400
       6.51902       1.09400
       6.53302       1.09400
       6.54602       1.09400
       6.56002       1.09300
       6.57302       1.09300
       6.58702       1.09300
       6.60002       1.09200
       6.61302       1.09200
       6.62702       1.09200
       6.64002       1.09100
       6.65402       1.09200
       6.66702       1.10000
       6.68102       1.11000
       6.69402       1.12100
       6.70802       1.13100
       6.72102       1.14100
       6.73402       1.15200
       6.74802       1.16200
       6.76102       1.17200
       6.77502       1.18300
       6.78802       1.19300
       6.80202       1.20100
       6.81502       1.19700
       6.82902       1.17900
       6.84202       1.16900
       6.85502       1.17800
       6.86902       1.18000
       6.88202       1.17900
       6.89602       1.17700
       6.90902       1.17600
       6.92302       1.17500
       6.93602       1.17400
       6.94902       1.17300
       6.96302       1.17200
       6.97602       1.17000
       6.99002       1.16900
       7.00302       1.16800
       7.01702       1.16700
       7.03002       1.16600
       7.04402       1.16500
       7.05702       1.16400
       7.07002       1.16200
       7.08402       1.16100
       7.09702       1.21500
       7.11102       1.32200
       7.12402       1.43000
       7.13802       1.53900
       7.15102       1.64700
       7.16502       1.75500
       7.17802       1.86300
       7.19102       1.97000
       7.20502       2.07800
       7.21802       1.86600
       7.23202       1.58000
       7.24502       1.40200
       7.25902       1.38600
       7.27202       1.37100
       7.28602       1.35700
       7.29902       1.34400
       7.31202       1.33100
       7.32602       1.31700
       7.33902       1.30400
       7.35302       1.33000
       7.36602       1.32800
       7.38002       1.32500
       7.39302       1.32200
       7.40702       1.31900
       7.42002       1.31600
       7.43302       1.31300
       7.44702       1.35600
       7.46002       1.35900
       7.47402       1.35700
       7.48702       1.36300
       7.50102       1.39600
       7.51402       1.43200
       7.52702       1.52300
       7.54102       1.58000
       7.55402       1.63800
       7.56802       1.70400
       7.58102       1.77200
       7.59502       1.83900
       7.60802       1.90500
       7.62202       1.95300
       7.63502       1.79400
       7.64802       1.80700
       7.66202       1.81300
       7.67502       1.80700
       7.68902       1.79800
       7.70202       1.82100
       7.71602       1.85500
       7.72902       1.89000
       7.74302       1.92500
       7.75602       1.96000
       7.76902       1.99500
       7.78302       2.03000
       7.79602       2.06500
       7.81002       2.09700
       7.82302       2.12000
       7.83702       2.14400
       7.85002       2.16700
       7.86402       2.19600
       7.87702       2.23700
       7.89002       2.27000
       7.90402       2.28200
       7.91702       2.29000
       7.93102       2.28200
       7.94402       2.27400
       7.95802       2.28000
       7.97102       2.28500
       7.98502       2.27500
       7.99802       2.26100
       8.01102       2.24300
       8.02502       2.22300
       8.03802       2.21700
       8.05202       2.21200
       8.06502       2.21500
       8.07902       2.22200
       8.09202       2.21200
       8.10502       2.23200
       8.11902       2.25900
       8.13202       2.29900
       8.14602       2.33900
       8.15902       2.37900
       8.17302       2.41800
       8.18602       2.45900
       8.20002       2.50700
       8.21302       2.56000
       8.22602       2.40900
       8.24002       2.43500
       8.25302       2.45700
       8.26702       2.48000
       8.28002       2.50200
       8.29402       2.51700
       8.30702       2.53200
       8.32102       2.58800
       8.33402       2.64600
       8.34702       2.70600
       8.36102       2.76600
       8.37402       2.82700
       8.38802       2.88400
       8.40102       2.93000
       8.41502       2.87700
       8.42802       2.81100
       8.44202       2.75600
       8.45502       2.73000
       8.46802       2.73700
       8.48202       2.71400
       8.49502       2.60900
       8.50902       2.65500
       8.52202       2.69900
       8.53602       2.74300
       8.54902       2.83100
       8.56302       2.91900
       8.57602       3.07000
       8.58902       3.17100
       8.60302       3.13500
       8.61602       3.05300
       8.63002       2.97100
       8.64302       2.88200
       8.65702       2.71900
       8.67002       2.54900
       8.68302       2.37000
       8.69702       2.20100
       8.71002       2.11900
       8.72402       2.14500
       8.73702       2.17200
       8.75102       2.19800
       8.76402       2.22500
       8.77802       2.24800
       8.79102       2.26400
       8.80402       2.28100
       8.81802       2.27400
       8.83102       2.25500
       8.84502       2.23600
       8.85802       2.22200
       8.87202       2.21100
       8.88502       2.20200
       8.89902       2.19300
       8.91202       2.18400
       8.92502       2.17500
       8.93902       2.16600
       8.95202       2.15700
       8.96602       2.14800
       8.97902       2.13900
       8.99302       2.13000
       9.00602       2.12100
       9.02002       2.11300
       9.03302       2.10400
       9.04602       2.09500
       9.06002       2.08700
       9.07302       2.07700
       9.08702       2.06600
       9.10002       2.05700
       9.11402       2.04900
       9.12702       2.04000
       9.14102       2.10100
       9.15402       2.16500
       9.16702       2.16300
       9.18102       2.16400
       9.19402       2.43500
       9.20802       2.45400
       9.22102       2.47500
       9.23502       2.49500
       9.24802       2.51400
       9.26202       2.53000
       9.27502       2.55000
       9.28802       2.57100
       9.30202       2.58800
       9.31502       2.60800
       9.32902       2.62900
       9.34202       2.64300
       9.35602       2.42300
       9.36902       2.30700
       9.38202       2.31900
       9.39602       2.33400
       9.40902       2.34500
       9.42302       2.34200
       9.43602       2.33800
       9.45002       2.33400
       9.46302       2.32900
       9.47702       2.32500
       9.49002       2.32100
       9.50302       2.31500
       9.51702       2.31000
       9.53002       2.30400
       9.54402       2.29900
       9.55702       2.29200
       9.57102       2.28400
       9.58402       2.26500
       9.59802       2.24600
       9.61102       2.22600
       9.62402       2.20700
       9.63802       2.19200
       9.65102       2.17200
       9.66502       2.15300
       9.67802       2.13500
       9.69202       2.12500
       9.70502       2.11500
       9.71902       2.10600
       9.73202       2.09800
       9.74502       2.09000
       9.75902       2.08200
       9.77202       2.07400
       9.78602       2.06600
       9.79902       2.05900
       9.81302       2.05100
       9.82602       2.04300
       9.84002       2.03500
       9.85302       2.02700
       9.86602       2.01800
       9.88002       2.00700
       9.89302       1.99600
       9.90702       1.98500
       9.92002       1.97400
       9.93402       1.96300
       9.94702       1.95300
       9.96002       1.94200
       9.97402       1.93100
       9.98702       1.92200
      10.00102       1.91400
      10.01402       1.90600
      10.02802       1.89900
      10.04102       1.89700
      10.05502       1.89400
      10.06802       1.89700
      10.08102       1.90000
      10.09502       1.91700
      10.10802       1.94300
      10.12202       1.96900
      10.13502       1.99600
      10.14902       2.02200
      10.16202       2.04700
      10.17602       2.06500
      10.18902       2.08300
      10.20202       2.11600
      10.21602       2.13500
      10.22902       2.17000
      10.24302       2.18800
      10.25602       2.22300
      10.27002       2.24000
      10.28302       2.25800
      10.29702       2.27500
      10.31002       2.29300
      10.32302       2.31100
      10.33702       2.32800
      10.35002       2.34600
      10.36402       2.36400
      10.37702       2.38100
      10.39102       2.39900
      10.40402       2.41700
      10.41802       2.43400
      10.43102       2.45300
      10.44402       2.50500
      10.45802       2.55600
      10.47102       2.60800
      10.48502       2.66000
      10.49802       2.71200
      10.51202       2.76400
      10.52502       2.81600
      10.53802       2.86900
      10.55202       2.92100
      10.56502       2.97400
      10.57902       2.27100
      10.59202       2.26700
      10.60602       2.26700
      10.61902       2.30300
      10.63302       2.33100
      10.64602       2.37600
      10.65902       2.44000
      10.67302       2.46600
      10.68602       2.50900
      10.70002       2.55100
      10.71302       2.59200
      10.72702       2.63100
      10.74002       2.65200
      10.75402       2.68300
      10.76702       2.71300
      10.78002       2.75600
      10.79402       2.83900
      10.80702       2.92200
      10.82102       3.00500
      10.83402       3.08800
      10.84802       2.70200
      10.86102       2.48200
      10.87502       2.33300
      10.88802       2.37700
      10.90102       2.42200
      10.91502       2.46800
      10.92802       2.51500
      10.94202       2.56200
      10.95502       2.61200
      10.96902       2.68200
      10.98202       2.75400
      10.99602       2.81200
      11.00902       2.77100
      11.02202       2.73000
      11.03602       2.68700
      11.04902       2.64500
      11.06302       2.60400
      11.07602       2.62200
      11.09002       2.57800
      11.10302       2.64300
      11.11602       2.80500
      11.13002       2.74800
      11.14302       2.69100
      11.15702       2.63500
      11.17002       2.57900
      11.18402       2.52400
      11.19702       2.46800
      11.21102       2.41200
      11.22402       2.34200
      11.23702       2.25500
      11.25102       2.21800
      11.26402       2.19700
      11.27802       2.18800
      11.29102       2.23400
      11.30502       2.46400
      11.31802       2.56400
      11.33202       2.62500
      11.34502       2.50800
      11.35802       2.39100
      11.37202       2.27700
      11.38502       2.88900
      11.39902       2.74100
      11.41202       2.62100
      11.42602       2.51000
      11.43902       2.43100
      11.45302       2.35200
      11.46602       2.27300
      11.47902       2.26600
      11.49302       2.27100
      11.50602       2.27500
      11.52002       2.28000
      11.53302       2.28500
      11.54702       2.29100
      11.56002       2.29800
      11.57402       2.30500
      11.58702       2.31200
      11.60002       2.36400
      11.61402       2.37000
      11.62702       2.42100
      11.64102       2.47400
      11.65402       2.47600
      11.66802       2.47700
      11.68102       2.47300
      11.69502       2.47000
      11.70802       2.46700
      11.72102       2.44800
      11.73502       2.42500
      11.74802       2.40800
      11.76202       2.38600
      11.77502       2.36400
      11.78902       2.35700
      11.80202       2.35300
      11.81502       2.35100
      11.82902       2.35100
      11.84202       2.35100
      11.85602       2.35100
      11.86902       2.35100
      11.88302       2.35100
      11.89602       2.35000
      11.91002       2.35000
      11.92302       2.35100
      11.93602       2.35200
      11.95002       2.35400
      11.96302       2.35700
      11.97702       2.36000
      11.99002       2.45000
      12.00402       2.60900
      12.01702       3.10400
      12.03102       3.05300
      12.04402       2.95400
      12.05702       2.85300
      12.07102       2.93100
      12.08402       2.79600
      12.09802       2.71200
      12.11102       2.62800
      12.12502       2.54400
      12.13802       2.45900
      12.15202       2.42500
      12.16502       2.49100
      12.17802       2.51400
      12.19202       2.43300
      12.20502       2.37300
      12.21902       2.31200
      12.23202       2.30900
      12.24602       2.71900
      12.25902       2.53600
      12.27302       2.83400
      12.28602       2.54000
      12.29902       2.33700
      12.31302       2.60200
      12.32602       2.36800
      12.34002       2.20600
      12.35302       2.21400
      12.36702       2.22300
      12.38002       2.27800
      12.39302       2.30000
      12.40702       2.36800
      12.42002       2.43900
      12.43402       2.43800
      12.44702       2.43700
      12.46102       2.43700
      12.47402       2.43600
      12.48802       2.43500
      12.50102       2.43500
      12.51402       2.43400
      12.52802       2.43300
      12.54102       2.44600
      12.55502       2.43900
      12.56802       2.43000
      12.58202       2.47000
      12.59502       2.47500
      12.60902       2.50000
      12.62202       2.53000
      12.63502       2.58600
      12.64902       2.59100
      12.66202       2.55400
      12.67602       2.51800
      12.68902       2.48100
      12.70302       2.47800
      12.71602       2.43100
      12.73002       2.37800
      12.74302       2.32500
      12.75602       2.28000
      12.77002       2.25800
      12.78302       2.26000
      12.79702       2.28400
      12.81002       2.33300
      12.82402       2.41300
      12.83702       2.51100
      12.85102       2.61000
      12.86402       2.75500
      12.87702       2.69000
      12.89102       2.75100
      12.90402       2.62900
      12.91802       2.64900
      12.93102       2.48500
      12.94502       2.47100
      12.95802       2.46800
      12.97102       2.48300
      12.98502       2.52600
      12.99802       2.56900
      13.01202       2.61400
      13.02502       2.66100
      13.03902       2.70700
      13.05202       2.73200
      13.06602       2.72300
      13.07902       2.69900
      13.09202       2.67400
      13.10602       2.65200
      13.11902       2.63100
      13.13302       2.70800
      13.14602       2.72700
      13.16002       2.83000
      13.17302       2.86900
      13.18702       3.01800
      13.20002       3.10200
      13.21302       3.22700
      13.22702       3.50200
      13.24002       3.66100
      13.25402       3.58200
      13.26702       3.67900
      13.28102       3.43700
      13.29402       3.35800
      13.30802       3.48100
      13.32102       3.55300
      13.33402       3.61200
      13.34802       3.85200
      13.36102       3.90400
      13.37502       3.93500
      13.38802       3.75000
      13.40202       3.44000
      13.41502       3.18100
      13.42902       2.78800
      13.44202       2.56000
      13.45502       2.48100
      13.46902       2.43900
      13.48202       2.39600
      13.49602       2.35400
      13.50902       2.31100
      13.52302       2.26900
      13.53602       2.23600
      13.54902       2.21000
      13.56302       2.18100
      13.57602       2.12900
      13.59002       2.06700
      13.60302       2.00400
      13.61702       1.94500
      13.63002       1.86500
      13.64402       1.77900
      13.65702       1.72700
      13.67002       1.64300
      13.68402       1.55900
      13.69702       1.58600
      13.71102       1.62400
      13.72402       1.66200
      13.73802       1.69900
      13.75102       1.73600
      13.76502       1.77300
      13.77802       1.69700
      13.79102       1.72100
      13.80502       1.63800
      13.81802       1.64900
      13.83202       1.67400
      13.84502       1.60300
      13.85902       1.64300
      13.87202       1.68400
      13.88602       1.72700
      13.89902       1.77100
      13.91202       1.81500
      13.92602       1.85900
      13.93902       1.90300
      13.95302       1.94300
      13.96602       1.98400
      13.98002       2.02800
      13.99302       2.08100
      14.00702       2.14000
      14.02002       2.19800
      14.03302       2.23200
      14.04702       2.23600
      14.06002       2.19200
      14.07402       2.16200
      14.08702       2.16700
      14.10102       2.22400
      14.11402       2.28100
      14.12802       2.33800
      14.14102       2.39500
      14.15402       2.45200
      14.16802       2.50800
      14.18102       2.64400
      14.19502       3.09100
      14.20802       3.18800
      14.22202       4.15400
      14.23502       3.12200
      14.24802       3.54300
      14.26202       3.92900
      14.27502       3.78500
      14.28902       3.32900
      14.30202       3.22500
      14.31602       3.16300
      14.32902       3.22300
      14.34302       3.32800
      14.35602       3.39400
      14.36902       3.43200
      14.38302       3.38600
      14.39602       3.29000
      14.41002       3.11100
      14.42302       2.91900
      14.43702       2.75100
      14.45002       2.64400
      14.46402       2.53600
      14.47702       2.42900
      14.49002       2.32100
      14.50402       2.21300
      14.51702       2.12200
      14.53102       2.05900
      14.54402       2.04100
      14.55802       2.03500
      14.57102       2.01800
      14.58502       2.01500
      14.59802       1.96600
      14.61102       1.94800
      14.62502       1.89800
      14.63802       1.87800
      14.65202       1.85800
      14.66502       1.80500
      14.67902       1.78400
      14.69202       1.76200
      14.70602       1.74000
      14.71902       1.71900
      14.73202       1.69700
      14.74602       1.67600
      14.75902       1.65600
      14.77302       1.64500
      14.78602       1.65100
      14.80002       1.67100
      14.81302       1.70100
      14.82602       1.72400
      14.84002       1.74000
      14.85302       1.75300
      14.86702       1.77000
      14.88002       1.79100
      14.89402       1.81900
      14.90702       1.85700
      14.92102       1.89800
      14.93402       1.94100
      14.94702       1.98800
      14.96102       2.01900
      14.97402       1.95400
      14.98802       1.86200
      15.00102       1.81800
      15.01502       1.75300
      15.02802       1.62400
      15.04202       1.56800
      15.05502       1.47000
      15.06802       1.40700
      15.08202       1.35500
      15.09502       1.27000
      15.10902       1.25600
      15.12202       1.24400
      15.13602       1.23200
      15.14902       1.22100
      15.16302       1.21000
      15.17602       1.20000
      15.18902       1.18900
      15.20302       1.17900
      15.21602       1.16800
      15.23002       1.15900
      15.24302       1.15100
      15.25702       1.14300
      15.27002       1.13500
      15.28402       1.12800
      15.29702       1.12200
      15.31002       1.11700
      15.32402       1.11200
      15.33702       1.32100
      15.35102       1.74800
      15.36402       2.10900
      15.37802       2.61300
      15.39102       1.16800
      15.40402       0.97050
      15.41802       1.05900
      15.43102       1.15700
      15.44502       1.24800
      15.45802       1.34100
      15.47202       1.45600
      15.48502       1.52300
      15.49902       1.40900
      15.51202       1.20900
      15.52502       1.00900
      15.53902       0.81780
      15.55202       0.82580
      15.56602       0.83370
      15.57902       0.84160
      15.59302       0.84960
      15.60602       0.85750
      15.62002       0.86540
      15.63302       0.89020
      15.64602       0.94180
      15.66002       1.00900
      15.67302       1.06900
      15.68702       1.08200
      15.70002       1.09200
      15.71402       1.06100
      15.72702       1.02900
      15.74102       0.97660
      15.75402       0.91560
      15.76702       0.85460
      15.78102       0.81900
      15.79402       0.79470
      15.80802       0.77280
      15.82102       0.77000
      15.83502       0.76720
      15.84802       0.78250
      15.86202       0.80130
      15.87502       0.82020
      15.88802       0.84360
      15.90202       0.88160
      15.91502       0.92340
      15.92902       0.93740
      15.94202       0.90910
      15.95602       0.84980
      15.96902       0.80570
      15.98202       0.76580
      15.99602       0.72410
      16.00902       0.66290
      16.02302       0.63350
      16.03602       0.62490
      16.05002       0.63510
      16.06302       0.64530
      16.07702       0.65550
      16.09002       0.66580
      16.10302       0.65930
      16.11702       0.64610
      16.13002       0.60880
      16.14402       0.56570
      16.15702       0.49630
      16.17102       0.41930
      16.18402       0.34240
      16.19802       0.28790
      16.21102       0.25330
      16.22402       0.24650
      16.23802       0.24280
      16.25102       0.23910
      16.26502       0.23540
      16.27802       0.23170
      16.29202       0.22800
      16.30502       0.22420
      16.31902       0.22050
      16.33202       0.21680
      16.34502       0.21310
      16.35902       0.20940
      16.37202       0.20570
      16.38602       0.20200
      16.39902       0.19820
      16.41302       0.19450
      16.42602       0.19080
      16.44002       0.18710
      16.45302       0.18340
      16.46602       0.17970
      16.48002       0.17600
      16.49302       0.17220
      16.50702       0.16850
      16.52002       0.16480
      16.53402       0.16110
      16.54702       0.15740
      16.56002       0.15370
      16.57402       0.15000
      16.58702       0.14620
      16.60102       0.14250
      16.61402       0.13880
      16.62802       0.13510
      16.64102       0.13140
      16.65502       0.12770
      16.66802       0.12400
      16.68102       0.12020
      16.69502       0.11650
      16.70802       0.11280
      16.72202       0.10910
      16.73502       0.10540
      16.74902       0.10170
      16.76202       0.09796
      16.77602       0.09425
      16.78902       0.09053
      16.80202       0.08682
      16.81602       0.08310
      16.82902       0.07939
      16.84302       0.07567
      16.85602       0.07196
      16.87002       0.06825
      16.88302       0.06453
      16.89702       0.06082
      16.91002       0.05710
      16.92302       0.05339
      16.93702       0.04967
      16.95002       0.04596
      16.96402       0.04225
      16.97702       0.03853
      16.99102       0.03482
      17.00402       0.03110
      17.01802       0.02739
      17.03102       0.02367
      17.04402       0.01996
      17.05802       0.01625
      17.07102       0.01253
      17.08502       0.00882
      17.09802       0.00510
      17.11202       0.00257
      17.12502       0.00080
      17.13902       0.00000
      17.15202       0.00000
      17.16502       0.00000
      17.17902       0.00000
      17.19202       0.00000
      17.20602       0.00000
      17.21902       0.00000
      17.23302       0.00000
      17.24602       0.00000
      17.25902       0.00000
      17.27302       0.00000
      17.28602       0.00000
      17.30002       0.00000
      17.31302       0.00000
      17.32702       0.00000
      17.34002       0.00000
      17.35402       0.00000
      17.36702       0.00000
      17.38002       0.00000
      17.39402       0.00000
      17.40702       0.00000
      17.42102       0.00000
      17.43402       0.00000
      17.44802       0.00000
      17.46102       0.00000
      17.47502       0.00000
      17.48802       0.00000
      17.50102       0.00000
      17.51502       0.00000
      17.52802       0.00000
      17.54202       0.00000
      17.55502       0.00000
      17.56902       0.00000
      17.58202       0.00000
      17.59602       0.00000
      17.60902       0.00000
      17.62202       0.00000
      17.63602       0.00000
      17.64902       0.00000
      17.66302       0.00000
      17.67602       0.00000
      17.69002       0.00000
      17.70302       0.00000
      17.71702       0.00000
      17.73002       0.00000
      17.74302       0.00000
      17.75702       0.00000
      17.77002       0.00000
      17.78402       0.00000
      17.79702       0.00000
      17.81102       0.00000
      17.82402       0.00000
      17.83702       0.00000
      17.85102       0.00000
      17.86402       0.00000
      17.87802       0.00000
      17.89102       0.00000
      17.90502       0.00000
      17.91802       0.00000
      17.93202       0.00000
      17.94502       0.00000
      17.95802       0.00000
      17.97202       0.00000
      17.98502       0.00000
      17.99902       0.00000
      18.01202       0.00000
      18.02602       0.00000
      18.03902       0.00000
      18.05302       0.00000
      18.06602       0.00000
      18.07902       0.00000
      18.09302       0.00000
      18.10602       0.00000
      18.12002       0.00000
      18.13302       0.00000
      18.14702       0.00000
      18.16002       0.00000
      18.17402       0.00000
      18.18702       0.00000
      18.20002       0.00000
      18.21402       0.00000
      18.22702       0.00000
      18.24102       0.00000
      18.25402       0.00000
      18.26802       0.00000
      18.28102       0.00000
      18.29502       0.00000
      18.30802       0.00000
      18.32102       0.00000
      18.33502       0.00000
      18.34802       0.00000
      18.36202       0.00000
      18.37502       0.00000
      18.38902       0.00000
      18.40202       0.00000
      18.41502       0.00000
      18.42902       0.00000
      18.44202       0.00000
      18.45602       0.00000
      18.46902       0.00000
      18.48302       0.00000
      18.49602       0.00000
      18.51002       0.00000
      18.52302       0.00000
      18.53602       0.00000
      18.55002       0.00000
      18.56302       0.00000
      18.57702       0.00000
      18.59002       0.00000
      18.60402       0.00000
      18.61702       0.00000
      18.63102       0.00000
      18.64402       0.00000
      18.65702       0.00000
      18.67102       0.00000
      18.68402       0.00000
      18.69802       0.00000
      18.71102       0.00000
      18.72502       0.00000
      18.73802       0.00000
      18.75202       0.00000
      18.76502       0.00000
      18.77802       0.00000
      18.79202       0.00000
      18.80502       0.00000
      18.81902       0.00000
      18.83202       0.00000
      18.84602       0.00000
      18.85902       0.00000
      18.87302       0.00000
      18.88602       0.00000
      18.89902       0.00000
      18.91302       0.00000
      18.92602       0.00000
      18.94002       0.00000
      18.95302       0.00000
      18.96702       0.00000
